2010	1	2	A        	3	2	4	2	2	4	2	4	4	4	2	2	1	5	2	2	1	3	5	5	4	2	2	3	2	2	2	1	2	4	2	5	2	5	4	1	4	4	5	4	4	4	2	4	2	2	4	3	2	5	1	2	4	4	2	2	4	4	4	2	2	4	2	4	2	2	2	3	4	2	4	2	3	4	2	4	1	2	2	4	2	2	2	2	2	2	4	2	4	4	4	4	2	4	2	5	4	1	4	4
2010	1	1	A        	2	4	2	2	2	4	1	3	2	5	2	4	3	4	2	2	3	4	4	1	3	2	4	2	2	3	2	3	2	4	3	4	3	4	4	2	4	4	4	4	5	4	2	3	3	4	3	2	3	3	2	3	3	4	2	4	3	1	4	4	2	4	4	4	2	2	4	4	4	3	4	4	1	4	3	3	2	2	3	2	3	3	4	2	4	2	2	3	2	2	5	2	2	1	1	5	2	3	4	3
2010	1	2	A        	4	4	2	2	2	2	3	1	2	4	1	5	2	5	1	2	5	5	3	2	2	5	5	3	4	1	2	4	2	4	1	1	5	4	4	3	1	2	4	4	2	1	4	4	2	1	5	1	1	5	1	2	5	2	3	3	5	1	4	2	2	4	5	2	1	1	5	1	4	5	4	2	1	2	1	2	1	2	2	2	2	1	4	1	3	3	2	1	2	2	4	4	4	1	2	4	1	2	4	5
2010	1	2	A        	2	4	2	3	3	4	5	1	4	3	2	5	3	2	4	3	3	5	2	1	4	5	5	5	3	2	4	3	4	2	2	1	4	1	4	5	1	5	4	5	3	1	1	5	2	2	1	2	3	5	2	4	2	1	3	2	4	1	4	2	3	2	3	1	4	2	5	2	2	3	5	2	1	1	2	1	4	3	4	3	2	4	5	1	2	1	1	2	1	4	5	5	3	4	5	5	1	1	1	5
2010	1	2	A        	4	4	1	4	1	2	5	1	1	5	2	3	2	4	2	2	3	5	5	3	5	5	5	5	1	2	3	2	4	5	1	4	5	2	5	5	4	4	4	1	2	4	3	2	1	2	1	1	2	5	1	1	4	2	1	3	2	1	4	1	3	3	5	1	3	1	3	2	3	2	1	2	1	1	2	1	4	1	2	1	2	2	4	2	4	2	1	1	2	5	2	4	2	2	1	1	1	1	1	5
2010	1	2	A        	2	3	3	2	2	3	2	2	3	4	2	2	3	2	2	2	1	4	4	2	4	3	4	3	2	2	1	2	2	4	1	5	4	3	3	2	5	3	3	4	4	5	1	2	2	1	3	2	1	5	1	4	3	2	2	2	4	1	4	2	2	2	2	3	4	2	5	3	3	3	3	2	2	1	2	2	2	2	2	5	2	2	2	3	2	3	2	2	4	3	4	2	3	1	1	2	2	2	2	3
2010	1	1	A        	2	3	2	3	1	3	3	3	3	4	1	4	2	2	2	3	2	4	2	1	1	3	3	3	1	3	2	2	1	4	3	5	4	5	4	1	4	1	5	1	4	3	1	4	1	1	1	5	1	5	1	2	4	4	1	2	2	2	2	2	3	2	2	2	2	2	5	3	4	2	4	2	2	2	1	5	1	3	1	3	1	1	3	1	1	1	1	1	3	5	1	1	4	5	1	4	1	1	1	1
2010	1	2	A        	1	4	3	2	3	4	4	3	2	2	2	4	4	4	3	2	4	3	4	2	4	5	2	3	4	2	4	2	3	3	1	2	2	4	4	1	2	4	4	3	5	2	1	4	3	5	2	5	3	5	5	4	2	3	3	2	4	2	5	2	1	2	3	4	2	2	4	5	4	4	4	1	2	4	2	4	2	2	3	4	2	4	4	2	2	2	1	2	2	3	5	4	1	2	4	5	2	2	3	4
2010	1	2	A        	4	3	4	2	2	2	3	4	3	3	2	4	4	4	2	3	2	2	4	2	2	3	2	4	4	4	3	3	4	4	2	1	1	2	2	4	1	3	4	4	2	2	1	4	3	1	3	4	2	3	3	1	5	2	3	3	2	2	4	3	4	3	3	2	2	2	1	4	3	3	4	2	2	2	4	3	3	2	2	2	2	3	2	2	2	5	2	4	2	2	2	4	2	5	1	3	1	1	4	5
2010	1	2	A        	3	4	4	2	1	4	2	3	2	4	1	4	3	5	2	2	4	4	5	1	4	5	3	2	3	1	2	3	2	4	1	1	3	5	4	2	1	4	4	4	3	1	4	3	1	4	2	4	1	5	1	3	3	4	1	4	3	2	4	2	2	4	3	4	2	1	4	4	5	3	5	3	1	2	2	2	3	2	2	1	1	2	2	3	2	3	5	2	3	4	5	5	1	5	2	5	2	3	4	4
2010	1	1	A        	2	4	3	4	3	5	4	3	4	3	3	5	4	4	3	3	3	4	5	2	3	5	2	5	3	2	2	3	4	4	3	1	1	4	3	3	2	4	5	4	4	2	4	2	2	1	2	4	4	4	3	3	4	1	3	2	4	3	5	3	3	2	3	2	3	2	4	4	3	3	5	2	3	2	2	4	3	3	3	5	3	3	4	1	1	2	2	2	2	3	3	3	1	1	1	4	2	1	2	3
2010	1	2	A        	2	4	3	1	1	5	2	4	2	5	2	2	3	2	2	2	1	2	3	2	2	4	2	1	2	2	1	4	2	3	1	3	2	4	3	1	5	4	3	4	4	4	2	2	2	4	4	4	2	5	2	3	2	4	2	2	3	4	4	2	1	3	2	4	2	2	4	4	3	3	4	2	4	4	2	4	2	2	2	1	2	2	1	2	1	3	2	4	2	5	4	1	3	2	1	4	2	1	3	2
2010	1	2	A        	2	2	3	5	1	2	2	4	2	4	2	4	3	4	2	2	3	4	4	1	2	5	4	5	2	2	2	2	5	5	1	3	2	4	4	3	4	4	4	5	1	4	5	2	1	1	4	4	4	5	1	2	5	1	1	1	2	1	4	2	2	4	2	1	1	1	4	2	4	4	2	4	1	1	2	4	1	4	4	5	1	2	4	2	1	2	4	2	4	5	4	2	5	3	1	2	4	2	4	4
2010	1	2	A        	4	5	2	3	2	5	1	1	1	5	2	5	3	4	1	2	1	4	5	4	3	3	4	3	1	1	2	2	3	4	2	5	3	4	5	3	5	1	4	4	1	5	3	2	2	4	4	3	3	5	2	1	4	2	2	1	5	4	4	1	1	5	5	5	2	1	3	2	4	4	5	5	3	2	2	2	1	2	4	3	1	1	1	2	1	3	4	2	3	4	5	2	4	4	2	4	4	3	4	5
2010	1	2	A        	2	4	2	4	2	4	4	2	2	2	1	2	1	4	2	1	2	2	1	2	5	2	4	4	4	1	2	1	4	2	1	2	4	4	4	1	2	4	5	5	4	2	1	1	2	4	2	4	4	4	1	4	4	2	3	2	4	1	4	2	1	4	4	4	2	1	5	2	4	4	5	4	2	2	2	4	2	2	2	2	2	1	4	4	2	2	1	1	4	4	5	2	2	1	2	4	2	4	4	2
2010	1	2	A        	3	5	4	4	2	2	3	4	4	1	2	4	3	1	3	2	4	2	2	2	4	5	5	4	4	2	2	2	4	4	2	4	3	2	3	2	4	4	2	1	2	3	1	2	2	2	2	5	3	4	2	2	3	2	3	1	2	3	5	2	2	2	2	2	3	2	5	4	2	3	4	1	2	1	2	2	2	3	3	2	2	2	1	1	4	3	4	1	1	2	4	3	2	3	1	2	2	3	3	3
2010	1	2	A        	2	2	4	2	2	4	1	3	1	4	2	3	2	5	2	2	1	4	5	5	4	4	5	3	2	2	2	2	3	4	2	5	5	5	5	3	2	2	4	4	3	4	2	4	2	5	3	2	2	4	1	2	4	4	4	4	4	2	4	2	2	4	3	5	2	1	2	1	5	5	5	2	4	2	2	5	5	1	2	4	1	2	5	4	2	3	4	2	5	5	5	5	3	4	2	4	4	4	5	3
2010	1	2	A        	3	4	2	3	1	1	4	2	4	3	1	5	1	4	2	3	2	5	3	4	4	5	5	3	2	2	2	5	5	5	5	3	4	4	4	4	2	3	5	1	3	3	4	3	1	1	2	2	2	5	2	5	5	1	1	2	5	5	5	2	1	5	5	5	3	1	5	3	4	5	5	5	2	1	1	1	3	2	3	5	2	1	5	5	1	3	1	1	2	4	5	5	3	5	5	4	1	1	1	3
2010	1	2	A        	2	4	2	2	2	5	3	3	1	5	1	2	2	4	2	1	3	3	4	2	4	3	4	2	1	2	1	2	2	4	1	1	4	4	4	3	2	2	4	5	3	2	3	3	1	5	3	3	2	4	1	4	4	4	1	1	5	1	4	2	1	5	4	4	2	1	4	1	4	4	5	2	3	4	2	4	1	2	2	2	1	2	4	4	2	1	4	4	2	5	4	3	2	2	4	5	1	4	4	3
2010	1	2	A        	2	4	3	5	2	2	3	2	2	4	2	4	3	4	2	2	4	4	3	4	4	5	4	4	3	2	3	2	3	4	2	4	3	1	3	2	4	4	3	5	2	4	5	2	1	1	2	3	3	3	2	4	4	1	3	2	3	4	5	2	2	3	3	2	2	1	5	2	3	2	4	1	2	1	5	2	2	3	3	4	1	1	4	2	2	2	4	2	3	4	2	4	3	2	2	4	2	4	2	2
2010	1	2	A        	2	4	3	4	2	4	4	2	3	4	1	5	2	2	1	2	4	4	2	1	4	2	4	4	2	2	1	1	4	4	1	1	1	2	2	1	1	4	2	5	4	1	1	1	1	4	2	5	5	5	1	2	4	1	2	2	5	1	5	2	1	4	2	1	1	2	4	3	4	4	4	2	1	1	4	2	1	4	4	5	2	2	4	1	1	2	1	2	2	4	3	2	1	1	1	4	1	3	2	3
2010	1	1	A        	3	4	2	4	1	2	2	3	2	5	1	4	2	4	4	3	2	4	3	2	2	3	5	4	2	2	2	2	3	5	1	4	4	3	5	3	4	4	4	5	4	4	4	1	2	2	4	4	4	5	2	1	2	3	2	3	4	1	5	2	2	4	5	2	1	1	1	3	4	5	4	5	1	2	1	4	1	3	4	2	2	4	5	2	1	3	2	2	2	4	4	2	2	3	2	5	3	4	3	4
2010	1	2	A        	1	3	2	2	1	5	1	2	4	4	1	1	2	1	1	2	2	4	1	1	5	3	5	3	2	1	1	2	2	4	1	2	4	4	4	1	3	5	2	5	3	4	2	2	1	5	4	2	4	5	1	3	3	4	1	1	2	1	4	1	3	2	4	5	1	1	4	2	2	4	4	2	1	4	1	3	1	3	4	4	2	2	3	2	2	2	4	2	2	5	5	2	1	2	1	3	4	2	4	5
2010	2	2	A        	3	4	2	2	2	2	3	4	2	2	2	2	3	4	2	3	3	2	4	4	2	4	4	4	4	3	2	2	4	3	2	1	2	4	3	4	1	2	5	4	2	3	2	3	2	2	2	2	4	4	3	2	4	2	3	2	2	4	4	3	4	2	3	2	2	2	4	2	4	3	4	2	4	2	2	3	2	2	3	3	4	3	4	2	2	2	3	3	4	2	3	3	2	2	2	3	2	3	2	4
2010	2	2	A        	4	4	3	5	3	2	3	2	2	3	2	4	4	2	3	1	3	4	2	4	5	4	4	5	3	4	3	3	4	4	2	1	4	1	3	3	1	4	2	5	2	1	5	1	1	5	3	4	4	5	2	3	2	1	2	2	4	2	5	2	3	1	4	2	2	2	5	4	2	4	3	1	1	1	3	2	3	3	5	2	3	2	3	1	2	3	1	2	1	5	5	4	2	2	3	2	2	2	3	2
2010	2	2	A        	2	2	5	2	4	4	2	3	2	4	2	2	4	5	2	3	2	3	4	4	2	2	2	4	4	2	2	4	2	2	2	5	1	4	2	2	5	3	4	2	3	5	2	4	2	2	4	4	2	4	2	2	2	4	3	4	4	4	4	2	2	2	3	4	2	2	2	4	4	2	4	1	4	4	3	5	2	2	2	3	2	2	2	4	2	3	2	2	4	3	4	4	3	2	4	5	4	2	3	2
2010	2	2	A        	2	4	3	3	2	2	2	2	3	4	2	4	3	2	2	3	2	5	4	2	4	2	5	5	2	3	2	2	4	4	1	5	3	1	3	3	4	4	4	5	4	4	4	2	2	2	4	4	2	5	1	4	2	2	2	2	4	2	4	2	2	4	2	1	2	2	5	3	4	4	5	1	2	2	2	2	2	2	2	2	2	1	2	2	2	4	4	2	2	4	4	2	3	4	4	4	1	1	2	4
2010	2	2	A        	4	1	3	3	1	4	3	2	2	3	3	4	3	5	1	2	2	4	5	1	3	2	4	3	1	2	2	2	2	4	2	4	1	5	2	4	5	4	4	5	3	4	2	3	3	2	5	2	1	2	1	3	3	2	2	2	3	2	2	4	1	2	2	4	2	2	1	3	5	4	5	5	2	2	2	2	1	2	2	5	4	3	3	2	3	3	3	4	4	2	2	3	2	5	3	3	5	1	4	2
2010	2	2	A        	2	1	2	4	2	2	4	1	2	5	2	4	1	2	2	1	2	5	4	1	1	2	5	5	2	4	1	1	5	5	2	4	5	2	4	2	5	5	2	5	1	4	2	2	1	5	2	1	5	4	1	4	5	2	2	1	4	1	5	1	4	2	4	1	2	2	1	1	5	4	4	1	2	2	1	4	1	2	2	2	1	2	5	2	2	2	4	1	5	5	5	2	4	1	2	5	5	5	5	1
2010	2	1	A        	2	3	4	2	1	3	1	3	4	5	2	4	2	5	2	3	1	2	5	2	3	4	2	4	1	4	1	2	3	5	3	5	4	4	5	4	4	2	5	5	3	4	1	2	1	3	4	2	4	5	1	5	5	2	2	3	4	2	4	1	2	3	2	4	2	1	4	3	5	4	5	2	2	2	1	2	3	1	3	3	2	2	3	5	1	5	2	3	3	5	3	3	4	4	2	5	4	1	4	3
2010	2	1	A        	1	4	3	2	2	2	4	2	2	4	1	4	2	1	4	4	3	2	2	2	1	4	2	2	2	2	3	2	3	4	2	4	2	4	4	3	2	3	4	4	4	4	3	4	2	3	4	3	2	4	2	2	4	3	3	2	4	3	4	3	2	2	4	4	2	2	4	3	3	2	4	2	2	2	2	4	2	3	2	2	3	2	3	2	2	2	3	2	2	2	4	4	2	2	2	2	2	3	4	4
2010	2	2	A        	4	2	1	4	1	5	2	1	4	5	1	4	1	4	1	1	1	5	5	4	3	4	5	5	1	2	1	1	1	5	1	1	4	4	2	4	1	5	5	5	5	1	1	4	1	4	4	1	1	5	1	1	5	4	2	4	4	1	1	1	1	2	5	5	1	1	5	1	5	1	5	2	1	1	4	5	1	1	1	1	2	1	5	1	2	5	1	1	5	5	5	5	1	1	1	5	2	2	4	5
2010	2	2	A        	2	2	3	2	4	5	2	2	4	5	1	5	4	2	4	2	2	3	2	2	5	2	2	4	1	2	1	3	2	5	1	2	2	3	5	2	1	3	4	1	3	2	1	2	2	3	2	5	3	4	1	4	2	5	3	3	4	3	2	1	1	3	4	3	3	1	4	2	4	5	5	1	3	2	1	4	2	4	4	5	2	1	2	2	1	2	1	4	2	5	5	2	4	1	4	5	4	2	5	5
2010	2	1	A        	2	2	2	3	1	4	4	3	3	4	3	4	2	3	2	2	2	2	3	1	2	2	5	4	2	3	2	3	4	4	2	4	4	2	5	2	4	4	3	4	4	4	3	2	2	3	2	3	2	4	2	2	4	4	2	4	3	1	3	3	2	1	4	2	2	2	1	3	4	4	4	2	1	3	1	2	4	2	3	3	2	3	4	1	3	2	4	2	2	4	5	4	1	4	2	3	4	5	4	3
2010	2	2	A        	2	4	3	2	4	4	5	2	4	3	2	4	2	4	3	3	2	4	4	1	2	5	4	2	3	2	2	3	2	4	1	2	3	4	4	2	3	4	4	5	4	4	1	2	1	5	2	4	3	5	2	4	2	1	2	2	5	3	4	3	1	2	2	4	1	1	2	3	4	4	5	1	3	3	1	5	2	2	2	1	2	4	4	1	1	3	4	2	2	5	5	3	2	4	2	5	2	2	2	4
2010	2	2	A        	2	2	2	5	2	3	2	2	4	4	1	3	2	2	2	2	3	4	2	1	4	3	5	5	2	3	2	2	5	5	2	3	2	2	4	4	2	4	2	5	4	3	2	2	1	3	3	3	4	5	2	4	4	2	1	1	3	2	4	1	2	4	3	1	1	1	3	3	2	4	4	4	2	1	1	2	2	3	4	1	1	3	4	2	2	1	3	2	2	5	5	3	2	5	1	2	3	2	3	4
2010	2	2	A        	2	4	4	2	2	5	3	1	3	3	2	4	2	3	3	2	3	5	3	1	4	5	4	3	3	2	2	2	3	3	2	2	4	1	3	3	2	5	3	4	4	3	3	2	2	3	4	4	4	4	2	4	4	4	2	4	3	4	4	3	2	4	3	4	3	2	5	3	4	3	4	3	3	2	2	3	1	3	4	4	2	2	4	4	4	2	3	2	4	4	4	2	5	1	2	5	3	2	3	3
2010	3	2	A        	5	5	4	5	3	1	2	1	5	4	2	3	2	2	2	3	1	2	4	2	4	5	5	5	2	5	1	1	5	5	4	5	4	1	5	5	5	2	3	5	2	5	3	1	2	1	2	3	4	5	4	3	4	1	3	1	1	4	2	3	5	4	3	1	2	2	5	3	4	5	3	1	1	1	2	1	1	4	3	4	2	1	2	1	4	4	2	2	2	3	4	1	1	4	5	4	1	1	5	5
2010	3	1	A        	2	3	4	3	2	4	2	2	3	3	1	4	4	2	2	2	3	2	4	1	4	4	3	3	4	2	2	4	3	4	2	2	2	3	4	3	2	2	4	4	3	4	1	2	1	2	4	4	3	5	3	4	2	2	3	2	4	4	4	3	2	4	3	3	2	2	3	4	3	4	4	2	2	2	3	2	3	3	3	4	3	3	3	2	1	2	3	4	2	3	4	3	2	4	3	4	1	2	4	4
2010	3	2	A        	2	4	2	4	2	4	4	1	1	4	1	5	2	2	3	1	2	5	5	1	2	4	4	5	3	1	1	2	2	4	2	1	4	4	4	3	4	4	4	5	1	2	2	4	1	1	2	4	4	5	1	4	5	2	2	1	3	2	5	2	1	2	4	2	2	2	5	3	4	4	4	1	1	4	3	2	2	2	2	1	2	1	4	2	1	1	1	2	4	5	4	2	4	2	4	2	2	4	3	2
2010	3	2	A        	2	5	2	4	3	4	3	2	3	2	2	5	3	2	4	3	2	5	3	2	4	5	4	5	4	2	2	2	5	4	2	1	4	1	4	3	1	4	3	3	3	1	4	2	2	4	1	4	4	5	3	4	3	4	3	3	4	1	5	3	2	3	3	1	3	2	5	4	2	4	5	1	1	2	1	4	3	2	3	3	2	2	3	2	2	1	2	2	2	4	3	3	4	1	5	4	1	2	3	4
2010	3	2	A        	1	2	3	4	2	2	2	4	3	3	2	2	2	2	2	3	2	3	4	1	4	3	2	4	4	3	2	2	4	2	2	4	2	3	4	2	2	2	3	3	2	4	2	2	2	4	4	3	2	5	2	2	2	2	2	2	2	2	4	2	4	4	2	2	2	2	2	2	2	2	4	4	2	2	4	2	2	4	4	2	2	2	4	1	2	5	2	3	2	2	3	2	2	2	2	2	2	2	4	2
2010	3	2	A        	4	4	4	2	2	4	4	4	2	3	2	2	4	4	2	2	4	4	4	3	4	4	1	2	4	2	2	3	2	4	2	3	2	4	4	2	4	2	5	3	4	4	2	3	4	2	4	4	2	5	2	1	4	5	2	4	4	3	4	2	2	4	2	4	3	2	5	3	4	4	5	2	2	2	4	4	2	3	2	3	2	4	2	4	2	4	2	4	2	3	4	2	2	3	1	4	2	2	4	3
2010	3	2	A        	4	2	4	2	1	4	3	1	4	4	2	5	2	4	2	3	2	4	4	1	3	4	2	4	2	2	3	2	2	5	4	3	1	3	4	2	1	5	5	5	2	4	2	2	1	2	3	3	2	5	3	1	2	4	1	4	5	2	3	3	3	3	2	4	2	3	5	3	5	4	5	4	2	2	1	5	2	3	2	2	4	3	2	2	2	3	2	3	4	5	4	3	2	5	1	4	3	2	4	4
2010	3	2	A        	4	1	2	4	2	5	2	2	4	4	1	1	2	3	2	2	1	4	5	2	5	2	4	4	2	1	1	1	3	4	1	4	3	4	4	2	5	2	4	2	4	5	1	4	1	1	4	3	2	5	1	4	4	5	2	1	4	1	4	2	1	4	4	4	2	1	1	3	4	5	5	4	1	4	2	4	1	2	2	3	3	2	4	4	1	4	4	2	4	5	4	5	2	5	5	4	4	4	4	5
2010	3	2	A        	3	3	3	4	1	4	3	2	4	4	2	3	2	2	2	3	2	4	4	1	3	2	4	3	2	2	1	2	2	3	2	1	4	4	4	3	1	3	3	4	3	1	2	3	2	3	4	4	2	5	2	1	2	2	1	3	1	4	2	2	2	2	2	2	3	2	4	4	3	1	3	1	2	2	1	2	2	4	2	1	2	2	2	2	4	2	2	2	2	5	3	1	3	3	1	4	1	4	1	4
2010	3	2	A        	5	4	3	5	1	1	5	2	5	4	1	4	2	2	1	2	4	5	3	1	5	5	5	5	2	2	4	1	5	5	1	1	5	2	4	5	2	5	3	2	5	2	1	3	1	1	1	2	3	5	1	1	5	3	1	5	3	3	2	4	5	1	5	4	2	2	2	2	4	4	4	2	2	2	1	4	4	4	4	1	1	4	5	4	1	3	1	1	5	4	3	5	1	1	1	2	2	5	4	5
2010	3	2	A        	4	3	2	2	3	4	4	2	2	3	2	4	2	3	2	3	2	4	4	1	5	2	2	4	3	4	2	3	2	4	2	4	2	5	4	2	2	4	4	3	2	4	3	4	4	2	2	3	3	4	2	1	5	2	3	2	3	4	4	3	4	4	4	4	3	1	4	2	4	3	4	1	3	5	1	3	2	2	2	1	2	3	2	2	2	4	2	1	2	3	4	5	4	1	2	3	2	3	4	1
2010	3	2	A        	3	2	2	1	2	4	3	1	1	5	2	4	2	5	2	3	2	4	5	2	4	4	5	2	2	3	2	2	3	3	1	3	4	4	4	3	4	2	5	5	4	2	1	4	1	4	3	3	2	5	2	4	3	2	2	2	3	3	4	2	2	2	3	4	2	2	1	3	4	4	5	2	1	1	3	5	2	1	2	5	2	2	3	2	1	3	4	1	3	5	5	5	4	2	1	3	2	2	4	3
2010	3	2	A        	2	1	4	2	4	4	1	4	2	3	1	1	3	4	1	1	1	2	3	1	4	1	1	4	3	1	1	3	2	2	1	5	2	2	2	1	4	1	4	2	3	5	4	1	1	2	4	5	4	4	1	4	4	3	2	1	4	2	1	1	1	5	3	2	1	1	2	1	4	4	3	5	1	2	1	3	1	2	3	5	1	1	2	2	1	2	5	2	2	3	3	1	4	5	1	4	5	3	5	2
2010	3	2	A        	3	4	2	2	2	2	4	4	2	4	1	4	4	4	2	3	2	3	5	1	4	4	4	4	3	4	4	2	4	5	3	5	2	5	5	4	5	4	4	3	4	5	2	4	2	5	4	4	3	4	4	4	5	1	3	4	4	2	4	3	2	4	2	4	2	2	5	3	5	5	4	2	1	1	2	2	4	3	4	3	4	4	4	2	1	2	4	3	4	3	3	5	2	4	1	2	2	3	4	3
2010	3	2	A        	1	2	4	4	4	4	4	2	2	4	1	4	1	2	2	2	1	3	3	1	4	4	4	4	1	2	2	1	4	4	1	4	4	2	3	2	4	4	4	4	3	4	5	1	1	5	2	4	2	5	1	5	5	1	4	2	4	5	4	3	4	3	5	2	4	1	1	3	2	4	5	4	5	2	2	2	1	1	3	1	1	2	5	2	1	1	2	1	4	3	5	2	5	1	2	5	4	5	5	4
2010	3	2	A        	1	3	2	2	3	3	2	2	2	3	2	4	3	1	2	2	4	4	4	1	3	4	3	2	3	1	2	3	2	3	1	5	2	2	3	2	1	4	3	4	4	5	5	3	2	5	4	4	5	3	1	4	4	2	4	2	1	2	4	2	2	2	4	2	3	1	5	3	1	5	5	1	1	1	2	4	2	2	3	3	2	1	1	2	5	1	1	2	4	2	4	4	2	4	5	4	1	1	3	2
2010	3	2	A        	2	4	5	2	1	2	2	4	5	3	2	5	3	4	3	3	2	4	1	1	4	4	2	5	5	1	2	4	4	4	2	5	2	4	5	1	1	4	4	4	3	5	1	2	1	1	2	4	3	5	2	4	2	2	3	5	2	5	4	2	2	2	3	3	2	2	4	5	4	4	5	2	2	4	2	4	2	5	3	2	1	3	3	2	1	5	5	3	2	3	3	4	5	5	4	4	2	1	4	5
2010	3	2	A        	1	4	2	4	4	4	2	2	2	2	2	5	2	4	4	1	4	5	4	1	2	4	5	4	4	2	2	2	4	2	1	2	4	2	2	1	2	5	5	4	4	2	4	1	2	5	2	2	4	4	1	4	5	2	2	2	4	1	5	3	1	2	5	2	3	2	4	2	2	4	5	1	1	2	3	2	2	1	2	5	2	2	5	2	2	1	1	1	2	2	5	4	2	1	2	5	1	4	2	2
2010	3	2	A        	1	1	3	4	1	5	2	2	1	4	2	2	2	4	1	1	1	4	4	2	4	4	5	5	2	2	2	2	2	5	1	5	4	1	3	1	4	5	5	5	2	5	2	2	1	4	3	4	3	5	1	2	4	4	2	1	2	2	4	2	2	4	4	4	1	1	2	3	5	3	4	2	4	4	4	4	3	2	3	1	1	2	5	2	2	1	2	1	3	4	5	3	4	5	4	5	2	2	4	3
2010	3	1	A        	1	2	4	1	1	4	2	3	2	3	1	4	4	4	1	2	2	3	5	1	5	3	3	2	4	1	1	2	1	5	1	2	2	4	5	1	2	4	5	1	3	2	2	1	1	4	3	4	1	5	1	5	3	4	2	1	3	2	1	2	1	4	5	5	1	1	2	4	4	5	4	1	1	5	1	3	1	2	1	1	1	1	4	4	2	1	4	3	4	4	5	2	5	4	4	5	3	4	2	5
2010	4	2	A        	2	5	4	4	2	4	2	3	3	2	2	4	4	3	3	2	2	2	2	2	4	4	4	4	4	4	1	2	4	4	2	5	2	2	3	2	4	4	3	3	2	4	3	2	3	4	2	5	4	5	3	3	2	2	3	2	2	2	5	2	3	4	4	2	3	1	5	5	4	2	5	1	4	2	4	4	2	4	4	4	2	4	3	2	2	2	2	3	2	3	5	3	1	1	1	5	1	4	3	2
2010	4	1	A        	4	2	2	2	1	4	1	4	3	5	1	2	2	4	1	1	2	3	5	1	4	4	5	3	1	4	2	2	2	5	1	4	2	3	4	4	1	3	4	5	1	4	1	2	1	1	4	3	1	5	1	5	4	4	1	2	3	1	2	2	2	5	3	2	1	1	3	3	3	4	5	3	2	2	2	3	2	3	1	5	3	3	4	4	2	5	1	3	3	5	3	3	1	5	1	3	2	1	5	4
2010	4	2	A        	4	4	1	5	2	1	2	1	3	2	3	5	3	3	2	3	4	5	4	2	4	4	5	5	1	2	2	1	2	4	2	1	5	3	3	5	1	4	3	4	1	1	5	2	1	2	1	1	2	5	1	1	5	1	3	2	4	2	2	3	3	2	5	1	1	2	5	1	4	2	4	1	2	1	3	2	1	3	4	5	1	1	5	2	3	5	1	1	5	5	2	4	3	3	3	4	1	4	4	2
2010	4	2	A        	3	4	5	4	4	2	4	3	5	3	2	4	2	2	2	2	4	2	2	3	3	4	2	4	2	2	3	4	4	4	2	1	2	2	4	3	3	4	2	2	2	2	4	2	2	3	2	4	4	4	3	2	2	3	4	3	5	2	2	2	3	1	1	3	2	3	4	4	3	2	3	2	1	3	2	2	4	4	4	3	2	4	2	2	3	2	3	2	4	3	4	5	2	4	4	5	2	3	2	1
2010	4	2	A        	1	4	2	3	4	3	2	4	3	4	2	4	3	1	2	3	4	4	3	1	2	4	2	4	3	4	2	3	4	4	2	2	3	2	3	2	1	3	1	3	2	1	1	2	2	1	1	2	3	3	2	4	3	3	3	2	4	3	5	3	1	3	3	2	3	2	2	3	2	5	4	2	3	3	2	3	2	3	2	2	3	2	4	2	3	3	2	2	3	3	2	2	2	3	4	2	2	1	4	2
2010	4	2	A        	3	2	2	5	1	2	2	1	2	5	2	4	2	2	2	1	3	5	4	2	3	4	5	4	2	3	2	2	4	4	2	2	4	1	3	2	1	4	2	5	3	2	3	2	1	3	2	2	4	5	2	2	4	1	1	2	3	3	4	2	3	2	4	2	2	2	2	2	4	3	3	3	3	2	2	3	3	2	4	2	3	2	4	1	2	1	2	2	2	4	4	3	3	2	2	2	2	3	2	3
2010	4	2	A        	2	2	1	2	2	2	3	2	2	3	1	1	1	5	1	1	1	3	5	2	2	1	3	3	2	1	1	1	2	5	1	5	3	1	5	1	5	2	5	5	3	5	5	2	1	1	5	1	1	5	1	5	5	2	3	1	1	1	5	1	1	4	3	2	2	1	1	3	4	5	4	4	1	2	1	4	1	1	1	5	1	1	2	2	1	1	5	1	2	5	4	2	3	5	4	4	4	5	5	5
2010	4	2	A        	2	2	2	5	2	3	1	1	3	4	1	4	4	2	3	1	3	3	2	2	3	3	4	5	2	1	1	2	5	3	1	4	2	1	3	1	4	2	2	4	5	4	5	1	1	4	2	5	5	5	1	5	3	1	2	4	4	1	5	1	1	3	3	3	2	1	4	2	3	1	4	1	1	1	1	3	2	3	4	2	1	2	4	4	2	1	4	3	1	4	5	2	5	2	1	3	2	4	2	4
2010	4	2	A        	4	1	4	3	2	5	2	4	1	4	1	3	2	3	2	2	2	3	4	2	2	4	3	4	2	1	2	3	4	4	2	2	2	3	3	2	1	2	4	1	3	2	1	2	1	3	5	4	3	5	1	2	5	4	3	4	4	2	5	1	1	2	4	2	2	1	2	4	4	3	5	3	2	1	3	5	1	2	3	4	2	4	4	1	1	1	5	3	4	4	5	4	1	5	1	4	3	1	4	3
2010	4	2	A        	1	2	3	4	2	4	2	3	2	4	2	3	2	1	2	2	2	3	4	2	2	4	3	4	2	2	1	3	4	4	1	5	4	1	4	1	4	4	1	5	4	5	2	1	2	5	4	4	5	4	1	3	4	4	3	1	2	2	5	3	2	1	4	2	2	1	4	3	2	3	5	3	2	4	2	4	1	3	4	3	2	2	2	2	1	1	5	2	2	4	4	1	2	5	5	4	1	2	1	1
2010	4	2	A        	2	2	5	4	2	4	1	3	5	4	1	2	5	1	3	3	1	2	1	1	4	5	2	5	2	4	2	4	4	4	1	5	2	1	4	3	4	2	1	1	3	4	3	1	2	2	2	4	5	4	1	2	2	4	4	4	4	2	5	2	3	1	1	2	4	2	2	4	4	2	4	2	2	4	2	1	4	5	4	1	4	4	1	2	3	4	4	4	1	2	5	3	1	2	4	1	1	1	2	5
2010	4	2	A        	1	2	1	3	4	4	1	1	1	4	2	1	2	4	3	2	3	3	5	4	4	2	2	1	2	1	1	2	2	3	2	5	5	3	3	3	5	3	4	3	4	5	2	2	1	1	3	3	2	3	1	2	5	5	2	2	4	2	4	2	2	5	3	4	3	2	3	2	3	2	4	2	2	3	2	2	2	2	1	3	2	2	4	3	1	3	4	2	2	2	3	3	2	3	4	5	3	2	3	2
2010	4	2	A        	4	4	2	2	2	5	1	2	2	4	1	2	4	4	2	1	2	5	5	1	1	5	4	4	1	2	1	1	2	4	1	4	2	4	2	1	2	2	5	3	5	5	3	2	1	4	2	4	4	5	1	5	5	4	2	1	5	1	4	1	1	4	4	4	2	1	5	2	5	5	5	1	1	2	1	5	1	2	2	1	2	1	1	1	1	2	4	3	4	5	5	5	4	5	4	5	1	2	5	5
2010	4	2	A        	5	4	3	2	2	5	4	4	3	4	2	4	4	4	3	3	4	4	2	1	4	5	4	2	2	1	4	3	2	5	1	1	2	4	5	2	1	4	4	5	3	1	2	2	2	2	1	4	2	5	1	1	4	5	2	3	5	4	2	2	2	3	4	5	2	2	5	4	4	5	5	3	4	4	1	3	5	2	2	1	1	3	4	4	1	4	1	2	5	5	4	4	1	5	1	5	1	3	1	5
2010	4	2	A        	2	4	3	4	1	1	1	4	2	3	1	4	3	4	3	3	3	2	3	3	2	4	5	4	4	2	2	3	4	4	3	2	2	4	4	3	2	4	3	3	3	2	1	5	2	1	1	2	3	5	2	1	5	4	2	1	3	4	2	3	3	4	2	2	2	2	2	3	4	4	3	4	4	3	1	5	3	2	2	1	2	2	3	4	1	4	2	3	4	2	2	3	1	3	3	3	3	4	5	5
2010	4	2	A        	3	2	2	3	2	4	1	4	2	4	1	2	3	4	2	2	2	3	4	4	1	3	2	3	2	2	2	2	4	4	1	4	2	4	2	2	4	4	4	5	2	4	2	2	2	2	4	4	4	5	2	4	4	2	2	2	4	3	4	2	1	5	2	4	2	2	4	2	4	2	4	4	2	2	4	4	2	2	2	1	2	2	4	4	2	2	2	4	4	4	4	4	2	4	2	2	2	2	4	4
2010	4	2	A        	1	3	3	2	2	4	3	2	1	3	1	4	2	4	3	1	2	2	3	2	3	5	3	2	2	1	2	1	2	4	1	1	3	4	3	1	1	5	3	5	3	1	2	1	2	3	4	4	1	5	1	3	5	3	2	1	3	2	2	3	2	2	4	4	2	1	2	4	3	3	3	3	2	4	1	3	3	2	2	3	1	3	4	2	1	2	1	1	3	5	4	4	3	3	1	3	1	4	2	3
2010	4	1	A        	1	5	5	1	2	4	2	4	5	5	3	4	5	4	1	3	4	1	5	1	2	4	1	5	3	2	2	5	2	5	2	4	1	4	5	2	1	3	5	5	5	4	1	1	3	1	4	3	2	5	1	5	2	4	4	5	5	5	2	4	1	2	1	4	2	3	2	4	5	5	5	2	3	2	1	5	1	4	1	5	1	2	1	1	4	3	2	5	1	4	5	2	1	5	5	2	4	3	5	3
2010	5	2	A        	2	2	4	4	3	4	4	3	4	4	2	5	3	4	2	2	2	4	3	2	5	5	4	4	4	2	2	5	4	4	2	2	2	2	3	4	2	2	3	5	5	4	4	1	2	2	2	5	4	5	2	1	2	2	3	2	5	2	4	2	3	2	2	2	2	2	5	5	2	1	5	1	1	2	2	2	4	3	4	1	2	4	4	2	4	2	1	2	2	4	4	2	4	1	2	4	2	1	1	2
2010	5	2	A        	4	4	5	2	3	4	2	5	2	3	2	5	4	4	3	2	3	2	5	1	2	5	2	3	4	1	2	4	2	5	1	4	1	5	5	3	2	4	2	4	2	2	1	1	1	2	1	5	1	5	3	1	5	1	3	4	5	2	5	3	4	3	1	4	2	3	4	5	4	5	4	1	1	3	2	4	2	2	3	5	4	3	2	2	3	4	4	5	2	3	4	4	1	4	3	3	3	1	2	2
2010	5	2	A        	1	4	2	2	1	5	3	2	2	4	1	2	1	4	1	1	1	5	5	1	2	4	5	2	2	2	2	4	2	4	1	2	2	4	2	1	2	2	4	5	4	2	2	1	1	5	5	4	3	5	1	4	5	5	1	1	5	1	4	1	1	2	5	5	1	1	2	2	2	2	5	1	1	2	1	4	1	1	2	1	1	3	5	2	1	1	4	1	4	2	5	4	2	2	1	5	1	1	4	5
2010	5	1	A        	5	1	2	1	2	5	3	1	1	5	1	1	2	5	1	1	1	5	5	3	5	1	5	1	1	1	3	1	1	5	1	5	5	5	5	1	5	5	5	5	5	5	1	5	1	5	5	1	1	5	1	1	5	5	1	1	5	1	1	1	1	5	5	5	1	1	2	2	5	1	5	1	1	5	1	5	1	1	1	5	1	1	5	5	1	1	4	1	5	5	5	5	5	5	3	5	4	5	5	5
2010	5	2	A        	3	3	5	2	3	4	2	4	3	1	2	2	2	2	3	3	2	2	4	2	2	2	3	3	4	4	2	3	4	4	2	4	2	4	4	3	5	1	2	3	4	4	3	1	2	5	5	5	5	4	2	2	2	2	3	1	2	5	5	5	2	2	3	2	4	3	4	4	5	4	5	1	4	2	2	4	1	2	3	2	2	1	4	2	3	2	5	2	1	1	5	1	3	2	2	4	2	3	5	3
2010	5	2	A        	2	2	3	4	3	4	2	2	1	4	3	4	2	4	4	3	4	2	5	3	2	2	4	4	2	4	2	4	4	3	2	2	4	4	3	3	2	2	3	4	2	2	3	2	1	5	4	4	4	5	1	2	4	4	2	2	2	4	4	2	3	4	4	2	2	2	2	3	5	3	5	4	2	2	2	4	2	2	4	4	4	2	4	2	1	2	4	2	4	4	5	2	4	2	1	2	4	2	4	1
2010	5	1	A        	3	2	3	2	1	3	2	2	2	4	2	2	2	2	1	1	1	3	2	1	2	3	4	2	2	2	2	1	2	5	1	2	3	2	5	4	2	3	4	5	3	4	3	4	2	4	2	3	2	5	2	4	4	5	2	2	3	2	2	1	2	2	4	5	1	2	2	3	4	2	5	2	2	2	2	4	3	2	2	1	1	2	2	4	2	3	4	2	4	4	4	4	1	3	1	4	1	3	4	5
2010	6	2	A        	2	2	4	2	2	2	4	3	2	4	2	3	3	4	2	2	2	4	4	2	2	3	4	3	3	2	1	2	3	4	2	5	3	4	4	3	4	2	4	4	3	4	4	3	2	2	2	3	2	4	2	4	4	2	2	3	1	2	5	3	2	4	2	2	2	2	4	3	4	3	4	2	2	2	3	3	1	2	3	4	2	2	2	2	1	2	4	3	2	4	3	1	2	1	1	2	4	2	4	4
2010	6	2	A        	1	5	4	4	4	1	4	2	4	4	1	5	3	4	2	1	4	4	2	2	4	5	4	5	2	2	4	3	5	4	1	2	2	2	3	2	1	4	2	2	4	2	2	1	1	1	1	4	5	4	2	4	5	1	3	2	2	2	5	3	1	2	4	2	2	1	5	2	4	4	5	1	1	1	1	4	2	2	5	1	3	2	5	2	4	1	1	3	2	2	5	2	4	3	2	5	1	2	1	4
2010	6	2	A        	1	5	5	5	4	2	1	1	5	5	1	5	4	2	2	2	1	4	5	4	2	5	5	5	4	2	1	2	2	4	1	4	4	1	4	5	5	4	5	5	1	2	4	5	1	5	2	4	4	5	2	4	5	2	4	1	5	1	4	2	4	4	5	2	2	2	5	2	4	5	4	4	4	4	2	5	4	4	2	5	1	1	4	1	1	4	5	2	4	5	5	5	4	1	4	2	4	5	2	5
2010	6	2	A        	2	1	2	4	2	4	4	1	1	4	1	4	2	3	2	1	3	5	4	2	2	1	3	4	1	2	2	2	2	4	1	1	1	2	3	3	2	2	4	5	3	1	1	4	1	2	4	3	2	5	2	1	4	2	2	3	4	1	4	2	2	4	2	4	2	2	2	1	4	2	4	2	2	2	2	2	2	2	2	1	2	2	5	2	1	1	2	2	2	5	4	2	2	1	2	4	2	1	5	4
2010	6	2	A        	1	4	2	4	3	3	4	4	3	4	2	5	4	3	2	2	2	3	4	1	3	5	4	5	4	2	3	2	4	2	1	1	4	2	2	2	1	4	2	5	3	1	4	1	1	4	1	4	2	5	2	2	2	2	4	1	2	1	5	3	3	2	4	2	2	2	5	4	4	2	4	3	1	2	2	2	1	2	4	1	1	4	4	1	2	2	1	3	1	4	5	4	1	4	1	4	1	4	2	3
2010	6	2	A        	2	4	2	4	1	4	3	2	3	4	1	4	3	4	2	2	3	3	3	2	4	4	3	4	2	2	2	2	4	3	2	3	2	3	3	3	4	2	3	4	2	3	2	2	2	2	2	3	3	5	2	2	4	3	2	3	2	2	5	2	3	3	3	3	1	2	4	3	3	3	4	3	1	2	3	2	3	3	3	1	2	3	3	1	2	3	2	3	2	4	2	2	3	4	1	3	2	3	3	2
2010	6	1	A        	5	1	2	2	2	3	2	2	1	5	1	1	1	4	1	2	1	4	5	2	4	1	4	4	1	2	1	1	2	5	2	4	4	4	5	5	4	4	5	5	1	4	1	5	1	1	4	1	1	4	2	2	4	4	2	2	2	2	2	4	4	4	4	4	1	2	2	1	4	4	4	4	2	2	1	1	2	2	2	4	2	1	2	4	2	4	4	2	4	4	2	2	3	5	1	2	2	5	4	3
2010	6	2	A        	2	2	4	4	1	4	2	1	5	2	2	4	2	1	3	3	4	4	4	4	5	2	4	4	4	2	2	4	5	2	3	3	4	3	2	3	4	4	2	4	3	4	2	3	2	4	2	4	4	4	3	4	2	2	2	3	2	2	1	3	2	2	2	2	4	2	4	4	2	2	4	2	2	2	5	4	2	4	5	2	2	3	3	1	2	2	2	4	1	4	3	2	2	1	1	2	3	3	2	1
2010	6	2	A        	4	4	4	2	1	4	2	2	2	4	1	5	2	4	1	2	2	5	5	4	4	5	4	2	2	2	2	3	1	5	1	2	4	4	4	1	2	2	5	5	4	2	1	3	1	2	4	3	1	5	1	2	5	4	1	1	1	4	1	1	1	2	4	2	1	1	5	3	5	4	5	2	2	2	1	4	2	1	1	3	2	2	3	3	2	4	2	2	2	4	5	4	3	5	1	5	1	2	5	4
2010	6	2	A        	5	2	3	2	3	4	4	2	2	5	1	5	2	3	4	2	2	2	4	4	1	3	4	5	3	2	4	2	4	1	3	2	1	3	3	4	1	3	5	2	2	3	1	1	3	1	1	2	2	3	4	1	1	1	3	4	4	4	5	2	1	1	1	2	4	1	5	2	2	2	5	3	2	3	5	2	4	3	3	1	5	3	4	3	4	2	3	4	5	4	1	4	1	5	1	2	2	2	2	1
2010	6	2	A        	2	4	2	2	1	2	4	4	2	4	2	4	2	2	1	2	4	4	5	2	2	4	4	2	2	2	2	2	4	5	2	1	2	2	2	2	1	2	4	5	4	2	2	2	2	4	4	4	4	5	1	2	4	2	2	2	4	1	4	2	4	2	4	4	1	2	4	2	4	4	4	4	2	1	2	4	2	2	4	5	2	2	2	4	2	2	4	4	2	4	5	2	1	1	2	2	1	1	2	4
2010	6	1	A        	4	2	2	2	2	4	2	2	1	4	2	2	2	4	2	2	1	4	5	4	4	2	4	2	2	2	3	2	1	4	2	4	4	4	4	2	4	4	5	5	4	4	4	4	2	2	4	2	2	4	2	4	4	4	2	2	4	2	4	2	2	2	5	5	2	4	5	2	4	4	4	2	2	4	3	2	2	1	2	4	2	2	5	4	4	4	1	2	4	4	4	5	4	3	2	4	2	4	4	2
2010	6	2	A        	1	2	4	2	4	5	2	5	2	3	2	2	2	2	1	2	1	1	3	1	5	4	1	2	4	1	1	1	4	5	2	5	4	1	2	2	4	5	4	5	5	4	1	2	2	5	5	5	3	5	4	5	2	4	3	1	5	4	5	1	2	4	4	4	1	1	2	5	4	4	5	1	2	4	1	5	2	4	4	5	1	4	4	2	1	1	4	3	2	5	5	5	2	5	1	5	4	2	4	2
2010	6	2	A        	1	4	5	4	2	3	1	4	4	4	2	3	4	1	2	3	2	2	2	2	4	3	3	5	4	4	1	2	4	3	1	4	1	3	3	1	2	2	2	4	4	3	5	1	1	5	4	5	5	5	2	3	1	2	2	1	4	4	5	3	3	2	2	4	2	2	4	4	4	4	5	1	2	2	1	2	1	4	4	5	1	2	5	1	3	2	2	4	2	4	5	2	2	2	1	2	2	2	2	3
2010	6	2	A        	2	3	2	3	2	2	3	2	4	3	2	4	2	4	2	2	3	4	3	2	4	4	4	4	2	2	2	3	3	4	2	2	3	2	3	3	2	2	3	4	2	2	4	2	2	4	2	4	3	5	2	2	4	2	2	2	2	2	3	2	3	2	3	2	2	2	4	3	2	4	3	1	1	2	2	2	3	4	4	3	2	3	5	1	2	2	4	2	4	4	4	4	4	2	4	2	2	2	3	4
2010	6	1	A        	3	4	2	5	2	1	4	2	2	5	1	1	2	2	3	4	1	4	2	1	2	5	4	5	1	2	4	2	1	2	1	4	1	4	2	4	4	5	2	5	1	4	5	1	1	4	1	1	4	5	3	1	1	1	1	4	1	3	2	3	5	1	1	1	2	1	1	2	4	1	1	1	1	1	1	2	5	3	4	1	4	1	1	1	3	5	5	4	3	5	5	4	1	1	1	2	1	1	3	3
2010	6	2	A        	3	4	4	4	4	4	3	2	4	4	1	4	2	3	2	2	4	4	2	1	5	4	4	4	2	1	2	3	4	3	2	1	2	2	4	2	1	4	4	5	3	2	2	2	1	4	2	4	4	5	1	3	2	2	3	2	2	2	4	3	2	2	2	2	2	2	5	4	3	3	4	2	2	2	1	5	2	4	4	3	2	3	3	1	2	2	2	2	2	4	4	2	2	5	1	4	2	2	2	5
2010	6	2	A        	2	2	4	4	3	4	2	4	3	2	1	4	5	3	2	3	2	2	4	4	3	5	3	4	4	2	1	2	4	4	1	4	1	2	3	1	5	2	4	5	5	4	2	2	1	2	2	4	4	5	1	4	3	4	4	2	3	5	5	3	2	2	2	2	4	1	2	5	3	5	5	3	4	3	4	5	1	3	4	5	1	2	2	1	1	1	3	4	3	5	3	2	1	1	1	5	2	1	2	4
2010	6	2	A        	2	2	2	2	2	5	1	2	1	5	1	1	2	4	1	2	1	4	5	2	2	2	5	4	1	1	1	1	2	5	1	5	5	4	4	2	4	2	5	5	5	5	3	2	1	5	5	4	4	5	1	4	5	5	2	1	5	1	4	1	1	4	5	5	2	1	4	2	4	4	5	2	2	4	1	5	1	2	2	4	1	2	5	2	2	1	5	1	5	4	5	4	4	4	2	5	5	4	5	4
2010	6	2	A        	5	2	3	4	1	4	2	1	1	4	2	4	2	5	1	2	2	5	5	2	2	3	5	4	2	2	1	2	3	5	1	2	4	5	5	5	5	3	5	5	4	2	2	4	1	2	5	1	2	5	1	2	4	3	2	1	4	4	4	2	1	4	4	2	1	1	5	2	4	2	5	5	4	2	1	4	1	2	3	2	2	1	5	2	1	2	4	2	5	5	5	3	5	1	1	2	4	2	5	5
2010	6	2	A        	2	3	2	2	2	2	2	3	2	2	2	3	4	4	2	1	1	1	2	3	2	2	1	2	3	2	2	2	2	2	2	4	3	3	2	2	4	3	2	2	5	3	5	1	1	5	3	4	5	1	2	2	3	2	4	1	2	4	5	3	2	3	4	2	3	4	4	3	3	2	4	2	4	4	3	4	2	2	3	2	2	2	4	4	5	2	2	2	1	1	5	1	1	1	1	5	5	1	2	2
2011	7	2	A        	4	2	3	2	1	2	1	2	3	5	2	3	3	4	1	2	1	3	3	2	1	2	4	4	1	3	1	4	4	3	2	5	2	2	3	5	5	4	4	4	2	4	3	2	1	1	4	2	3	4	3	2	2	2	1	2	5	2	2	1	2	4	3	2	2	2	2	3	4	5	3	4	1	2	4	2	1	3	2	1	4	1	4	1	4	4	4	4	2	3	3	4	3	5	1	4	3	3	4	4
2011	7	2	A        	2	4	3	4	2	4	1	3	2	4	2	3	1	2	4	2	2	3	2	1	4	2	3	5	1	2	1	2	4	2	3	4	4	1	3	2	1	1	2	5	3	4	5	1	1	2	2	3	4	4	2	4	3	2	2	1	2	5	5	2	3	4	3	2	2	2	4	5	2	5	3	1	2	1	3	2	2	4	4	3	2	2	3	1	3	2	2	2	1	4	3	2	3	1	4	3	2	3	3	3
2011	7	1	A        	3	2	5	2	2	3	2	4	3	4	2	2	3	4	1	3	2	3	4	2	3	3	3	3	3	3	1	4	2	5	3	3	2	3	4	3	2	1	4	4	3	3	2	2	2	3	3	4	3	3	4	2	3	3	3	4	3	3	4	3	4	4	2	3	1	3	2	4	3	3	3	2	3	3	2	2	2	4	2	5	4	2	2	1	3	3	2	4	2	4	3	3	3	4	3	3	4	2	4	4
2011	7	2	A        	3	1	1	4	1	5	2	2	3	4	2	2	2	2	1	1	1	4	4	1	5	2	5	4	2	2	1	2	4	3	1	4	4	3	2	3	4	4	2	5	3	4	4	1	1	2	4	4	4	5	1	3	4	2	1	1	4	1	4	2	2	4	5	2	2	1	1	3	3	2	4	3	1	2	1	2	1	2	4	5	1	2	4	1	2	3	2	2	2	3	5	1	1	4	1	2	4	1	4	4
2011	7	2	A        	3	2	3	2	2	4	2	2	1	4	2	4	3	5	2	2	3	5	5	4	3	4	2	4	2	1	2	2	4	4	2	4	4	4	2	2	4	2	4	5	4	4	1	3	1	4	5	1	2	5	2	1	5	4	3	4	2	2	4	2	1	5	4	2	1	1	2	3	4	1	5	2	2	2	5	4	2	2	2	4	3	2	4	3	4	4	2	4	5	5	5	5	4	1	1	5	2	4	4	4
2011	7	2	A        	1	4	4	2	2	3	4	4	2	1	2	5	3	4	2	4	1	2	1	2	4	4	1	4	4	2	4	5	2	1	1	2	1	2	1	1	2	4	2	1	4	2	1	1	2	3	1	5	4	4	2	2	2	4	4	5	1	5	4	5	4	2	1	5	4	2	2	5	4	4	2	1	2	5	4	4	1	5	4	1	2	5	1	1	4	4	5	4	2	1	2	2	1	1	4	4	2	1	1	1
2011	7	1	A        	5	2	1	4	1	1	4	1	2	4	1	4	1	5	1	1	1	5	5	1	2	4	5	5	3	2	4	1	4	5	2	2	5	2	4	5	5	2	4	5	1	2	2	4	1	4	2	1	2	3	2	4	5	2	1	4	5	1	2	1	3	2	5	2	4	2	4	1	4	2	4	2	1	1	1	2	4	2	4	5	1	2	5	1	2	4	2	2	5	2	2	5	1	3	5	5	1	3	2	2
2011	7	2	A        	5	2	2	4	2	2	2	1	1	4	1	5	4	5	3	2	4	5	5	2	4	2	3	4	3	1	3	1	4	5	2	4	2	5	5	3	5	4	2	5	1	4	2	4	2	1	5	1	2	5	1	1	4	2	1	4	4	3	2	1	1	2	5	2	3	2	2	1	4	1	5	4	2	2	2	2	2	2	2	2	4	1	5	4	2	2	2	2	4	5	5	5	1	1	4	4	2	4	4	5
2011	7	2	A        	2	3	3	2	4	4	2	2	2	5	2	5	4	5	2	1	5	2	4	2	3	4	4	3	2	2	2	2	2	4	1	2	2	4	2	2	1	2	5	4	4	2	2	3	2	4	4	4	2	4	1	3	5	3	4	2	5	3	4	1	1	4	2	4	4	2	4	2	4	5	4	1	2	2	3	3	2	2	1	1	1	2	2	2	1	2	1	4	1	5	3	2	1	4	5	5	3	3	4	3
2011	7	2	A        	2	4	3	4	4	5	4	4	4	4	3	4	5	4	2	3	4	3	5	2	2	4	1	5	2	2	2	2	3	4	4	4	1	4	4	4	4	2	4	4	4	4	2	2	1	3	4	4	2	5	2	1	4	2	3	4	4	5	5	3	2	4	4	2	2	2	4	4	4	2	5	1	5	1	2	5	2	4	2	4	2	3	2	2	1	3	1	5	3	5	2	3	1	1	4	5	1	1	4	5
2011	7	2	A        	4	2	2	5	4	4	4	2	2	5	1	1	1	1	2	1	1	4	1	1	3	1	5	5	1	3	4	4	5	5	1	5	4	1	4	3	5	4	1	5	2	5	2	1	3	1	4	1	5	4	1	4	2	1	5	2	1	1	5	4	4	2	5	1	4	1	4	3	3	1	2	4	1	1	2	1	2	2	5	5	2	5	4	3	5	1	5	4	1	5	5	2	1	4	5	2	2	1	2	4
2011	7	2	A        	4	1	3	2	2	4	1	2	3	5	2	2	2	4	1	2	1	3	5	1	2	2	3	2	1	2	2	2	2	5	2	5	3	4	5	3	5	3	5	5	2	4	1	4	1	1	4	2	2	5	2	3	4	4	2	2	3	2	3	1	2	4	4	4	1	2	2	2	4	5	4	4	2	3	1	3	2	2	2	5	2	2	2	3	1	4	4	2	4	5	4	2	2	5	1	2	4	3	4	5
2011	7	2	A        	1	4	1	3	2	1	5	1	1	3	1	2	3	1	3	1	1	2	3	1	2	4	1	4	3	2	1	1	2	2	1	5	1	1	2	2	5	1	5	4	3	1	1	1	1	5	3	5	4	3	1	1	3	1	3	1	2	4	5	1	2	2	4	3	3	1	2	2	1	4	5	1	2	2	2	3	1	1	2	1	1	2	4	1	1	2	5	4	2	1	5	2	3	5	5	2	3	3	3	2
2011	7	2	A        	1	2	2	2	2	5	1	1	4	2	1	3	1	3	2	1	1	2	3	2	1	2	5	4	2	4	1	1	2	4	1	3	3	3	3	1	5	4	3	3	5	2	3	2	1	5	3	4	4	5	1	3	1	5	2	3	2	3	5	2	1	2	2	4	2	1	5	3	3	4	5	3	2	4	1	2	1	2	2	2	1	1	1	1	1	1	1	1	2	5	5	1	1	1	1	4	1	3	5	5
2011	7	2	A        	2	3	2	4	1	5	4	1	5	4	1	4	2	5	1	1	3	4	5	4	4	4	5	2	1	2	2	1	2	4	2	4	4	2	4	2	2	4	5	1	3	4	4	4	1	4	2	2	2	5	2	2	5	2	4	2	4	2	4	2	1	4	5	4	2	2	5	3	5	2	5	2	1	4	3	2	2	1	2	1	2	2	5	3	2	3	5	1	4	5	5	5	2	1	4	5	1	3	3	4
2011	7	2	A        	2	4	2	5	2	3	4	1	3	5	3	5	3	2	2	2	4	5	4	1	4	5	4	5	2	2	2	3	4	5	2	1	3	2	5	4	1	4	4	5	4	1	4	3	1	4	2	3	3	5	2	2	3	2	2	4	3	1	3	2	3	1	3	2	1	3	5	3	2	3	3	1	1	2	1	2	3	2	4	2	2	3	4	2	2	2	2	2	2	5	3	5	3	1	1	3	2	2	2	4
2011	7	2	A        	2	2	4	2	1	3	2	5	2	4	2	2	3	5	2	2	1	2	4	1	2	4	2	5	2	2	1	4	2	3	2	5	4	2	4	2	4	2	2	4	4	4	2	2	1	4	4	5	4	5	1	2	3	3	2	1	5	4	4	2	1	2	2	2	1	2	2	4	5	5	5	3	4	2	2	4	2	4	3	1	1	1	4	5	2	2	2	3	4	4	5	2	2	4	1	5	5	5	5	4
2011	7	2	A        	2	3	4	3	3	2	3	4	3	2	1	2	3	3	3	3	2	4	4	2	3	2	2	3	2	2	2	4	3	2	2	5	2	2	2	3	4	3	4	4	2	4	2	2	3	2	3	4	2	2	2	1	3	2	3	3	2	3	4	2	3	4	3	2	3	2	2	4	4	4	4	3	3	2	2	2	2	2	3	1	2	2	3	2	2	3	3	3	2	2	3	3	2	4	4	4	2	3	3	2
2011	7	2	A        	4	2	2	1	2	4	5	1	3	5	2	4	1	3	2	2	2	5	3	1	3	5	5	5	2	2	2	2	5	2	1	2	4	3	1	3	3	5	2	1	4	3	5	2	3	2	3	1	5	4	2	2	2	5	2	3	1	1	5	2	3	4	5	2	3	2	5	2	4	3	5	2	2	2	3	4	2	2	5	1	2	1	5	1	3	1	2	1	5	3	3	5	5	2	3	2	2	1	3	3
2011	7	2	A        	1	3	3	5	1	4	4	2	4	4	1	4	2	4	2	2	2	5	4	4	4	4	5	4	2	2	2	2	4	4	2	5	2	2	4	3	5	5	4	5	4	5	5	2	1	4	2	4	5	5	2	5	2	1	2	2	5	1	5	2	2	4	5	2	2	1	5	5	5	5	5	1	1	1	3	2	1	2	4	1	2	1	5	1	1	1	1	3	5	4	5	5	3	1	2	5	2	4	5	3
2011	7	2	A        	2	4	2	5	4	2	4	2	5	5	1	5	5	2	2	3	2	2	4	2	4	4	5	4	2	2	1	5	4	4	1	4	1	1	2	5	2	1	4	5	4	5	5	1	2	4	4	4	5	5	1	2	2	1	2	1	4	1	5	1	1	4	2	1	2	1	4	1	2	2	5	1	1	1	3	4	1	4	2	3	4	1	2	1	2	2	5	1	4	5	2	1	1	1	4	4	1	1	4	2
2011	7	1	A        	1	4	4	2	1	4	2	2	4	5	1	3	4	2	1	2	3	2	4	1	4	4	5	4	1	2	1	4	3	4	3	2	2	4	4	3	1	2	5	5	3	2	1	2	1	4	3	4	2	5	3	4	4	2	2	1	4	4	4	2	2	4	3	4	2	2	4	4	4	5	4	2	2	3	2	2	2	2	3	5	3	3	3	4	1	2	4	4	2	4	5	4	2	5	2	3	2	2	4	4
2011	7	2	A        	3	2	4	4	2	3	1	3	2	5	2	4	2	5	3	2	3	4	5	2	4	3	4	3	2	1	2	2	4	4	2	3	5	3	3	4	2	2	5	5	2	4	4	4	4	5	5	2	4	5	2	2	4	2	3	2	4	4	4	3	2	5	4	4	2	1	5	3	4	2	5	1	3	2	1	5	2	2	2	1	1	2	3	2	1	4	2	2	3	4	5	2	1	4	1	4	2	1	4	4
2011	8	2	A        	2	1	1	5	4	5	1	1	2	4	2	5	1	4	1	2	4	4	5	4	1	3	5	5	2	1	1	2	4	4	2	1	2	2	2	4	1	2	4	4	2	1	2	1	1	4	5	4	2	4	2	5	4	2	3	4	5	4	5	2	4	4	4	1	2	1	1	1	4	5	4	1	2	1	4	4	1	2	2	5	2	1	5	3	2	1	4	2	4	2	2	1	1	1	5	5	2	2	4	4
2011	8	2	A        	4	2	1	2	1	5	2	3	3	4	2	4	3	4	1	1	4	4	4	2	1	3	4	2	1	2	2	2	1	5	1	3	4	4	5	3	2	4	4	5	4	2	3	1	1	3	3	3	4	5	1	3	4	5	1	2	3	1	4	2	1	4	5	5	1	2	3	2	3	3	5	4	2	4	3	5	1	2	2	5	3	2	1	2	4	3	2	4	4	5	5	2	2	5	1	5	4	1	4	4
2011	8	2	A        	2	2	2	4	2	4	4	2	2	4	2	1	2	3	2	2	2	4	4	2	5	2	5	5	2	2	2	1	3	2	1	4	4	3	1	3	4	3	4	4	5	5	4	1	1	4	4	4	3	5	1	2	5	1	2	1	4	2	1	2	2	2	5	3	2	1	1	3	5	1	4	4	2	2	2	4	2	2	3	4	1	2	5	1	2	1	2	1	4	5	4	4	1	1	1	4	3	4	3	2
2011	8	2	A        	2	2	3	2	1	4	2	2	1	3	1	4	2	4	2	2	1	2	4	1	4	2	1	3	2	1	2	2	2	4	1	2	1	4	3	2	1	4	4	5	4	1	1	2	1	4	2	4	2	5	1	2	4	2	2	1	4	2	4	2	2	2	1	2	2	1	3	4	4	4	4	2	2	2	1	4	2	1	2	4	2	2	1	2	2	3	1	3	4	5	5	4	2	4	1	4	2	1	2	4
2011	8	2	A        	2	3	4	2	2	4	3	4	2	2	1	3	4	5	1	3	1	4	5	2	3	2	1	5	5	2	1	4	4	4	2	5	3	4	3	3	5	2	4	3	4	5	4	1	2	1	4	4	4	5	3	2	3	1	3	1	3	5	5	3	1	3	2	4	2	2	4	5	3	3	1	4	4	1	2	5	1	2	5	3	3	2	5	1	2	3	3	3	2	3	5	3	2	1	4	5	4	2	2	3
2011	8	2	A        	2	2	4	4	2	2	2	4	2	3	1	2	4	4	2	2	1	3	2	3	3	2	3	5	3	4	2	3	5	4	2	5	2	3	3	2	5	5	2	5	2	5	5	1	2	3	4	4	5	4	2	2	3	1	2	1	4	3	5	3	2	4	3	2	2	2	2	4	3	3	4	3	4	2	2	3	2	2	4	3	2	2	4	2	3	2	4	3	2	4	4	3	1	1	3	5	4	2	4	3
2011	8	2	A        	3	4	3	4	1	2	2	3	4	5	2	4	3	3	2	3	2	4	4	2	4	5	5	5	1	4	2	2	4	5	1	1	4	1	5	5	1	3	4	5	4	1	4	2	1	1	1	2	2	5	2	2	5	1	2	3	2	2	4	3	2	2	4	2	2	2	4	3	3	4	5	1	1	1	1	1	4	4	3	4	3	3	5	1	1	1	1	2	2	5	5	4	1	5	1	4	1	3	2	5
2011	8	1	A        	1	4	1	4	1	2	1	1	1	4	1	4	1	2	1	2	1	4	2	1	1	4	5	5	1	1	1	1	5	5	1	4	2	1	5	1	4	4	2	5	1	4	5	1	1	1	2	1	3	5	1	5	5	1	1	1	2	1	5	2	1	1	4	1	1	1	2	5	1	5	4	1	1	1	2	5	1	2	4	1	1	1	5	1	1	1	5	1	1	5	5	1	5	5	1	5	1	1	1	5
2011	8	1	A        	1	3	2	2	1	5	4	2	4	5	1	4	1	5	1	1	3	4	5	2	4	4	5	5	2	1	2	1	2	5	1	5	5	5	5	2	5	4	5	1	4	5	1	2	1	2	4	2	2	5	1	3	5	5	1	1	4	1	2	1	1	5	5	4	1	1	4	3	5	5	5	4	1	2	1	4	2	1	2	3	2	1	5	4	3	2	5	1	5	5	5	4	2	5	1	5	2	3	5	4
2011	8	2	A        	4	2	2	5	1	4	1	1	5	5	1	5	1	2	1	1	3	5	4	1	4	2	5	5	1	2	2	2	3	5	1	4	5	1	5	4	4	4	3	5	4	5	4	1	1	2	5	4	4	5	1	4	2	2	2	1	2	1	4	2	2	4	5	1	2	2	5	1	2	4	5	2	2	1	1	4	1	3	4	4	1	1	5	1	3	2	5	2	1	5	5	2	5	2	2	5	2	2	2	5
2011	8	2	A        	2	2	2	1	2	4	2	2	2	4	1	2	1	5	1	1	2	2	5	4	4	4	4	2	2	2	1	1	1	4	1	3	4	5	4	1	4	4	5	5	4	4	4	3	2	5	4	4	2	4	1	4	3	5	2	3	2	2	4	3	2	5	4	5	1	1	3	3	5	2	5	4	3	5	2	5	1	2	2	2	1	2	4	3	2	2	5	2	4	4	5	3	3	2	1	5	4	4	4	3
2011	8	2	A        	4	3	2	2	3	1	3	2	2	5	2	4	4	5	1	2	2	5	4	3	3	2	4	3	2	3	2	3	2	5	1	4	2	4	3	2	2	4	5	4	4	3	1	2	2	4	4	2	2	5	1	2	5	2	3	2	2	2	2	2	2	4	4	4	1	1	3	2	2	5	5	3	3	2	2	3	2	2	1	5	3	2	4	3	1	3	2	4	5	5	4	4	2	2	4	4	2	3	3	4
2011	8	2	A        	1	1	2	5	1	1	3	1	3	5	2	1	1	1	2	3	3	5	1	1	1	3	3	5	1	1	1	1	2	5	1	1	1	1	5	5	1	1	1	5	1	1	5	1	1	1	1	1	5	5	1	1	1	1	1	1	1	1	5	1	5	1	1	1	1	1	5	3	1	1	1	1	1	1	5	1	1	5	5	1	3	1	5	1	2	1	5	3	1	5	1	3	5	5	1	1	1	1	1	3
2011	8	2	A        	2	1	2	3	1	4	2	3	4	4	1	2	2	4	2	3	1	4	4	3	1	2	5	3	2	2	1	3	4	4	2	5	4	3	4	3	2	2	4	2	4	4	3	2	2	4	4	3	3	5	2	3	2	4	2	1	4	5	4	2	2	4	5	2	2	2	1	3	4	4	5	2	4	2	2	4	2	2	3	2	3	2	4	2	2	2	4	3	4	4	4	2	3	3	2	5	4	2	5	4
2011	8	2	A        	4	1	4	4	1	3	2	4	4	4	1	1	2	4	2	1	1	2	5	1	5	4	4	5	4	4	2	1	5	4	1	5	1	4	2	5	5	4	5	2	2	4	1	1	1	1	2	4	4	5	1	4	2	1	2	4	1	2	5	2	4	4	4	1	2	1	1	4	5	4	4	4	2	1	2	1	1	2	4	4	1	1	1	1	1	1	4	3	4	2	4	4	1	1	2	5	5	2	4	1
2011	8	2	A        	3	1	2	2	4	1	1	3	1	5	1	3	2	1	3	1	1	1	1	1	5	3	2	4	1	3	1	3	4	5	1	4	2	1	4	2	5	1	4	5	1	5	4	1	3	1	3	5	4	3	1	1	5	1	3	1	1	2	5	3	5	5	3	1	4	1	1	2	3	4	1	5	2	1	5	1	1	5	3	5	1	2	2	2	5	2	5	3	1	4	2	2	1	4	5	1	2	1	5	3
2011	8	2	A        	3	5	2	4	1	2	3	1	2	4	1	4	2	4	3	2	2	4	4	2	3	4	5	4	2	2	2	2	4	2	3	2	3	2	2	4	2	2	3	5	2	2	2	1	1	1	2	1	2	5	3	2	3	1	1	4	2	3	4	2	4	2	5	2	1	1	5	1	4	3	4	1	2	1	1	1	2	1	2	2	2	1	3	1	1	2	3	2	4	3	5	4	3	1	3	3	1	1	3	4
2011	8	2	A        	1	2	2	4	2	2	2	2	2	4	1	4	2	3	2	2	2	4	4	2	4	3	5	5	3	2	2	3	4	4	1	4	1	4	3	3	4	5	2	4	2	4	3	1	2	2	2	4	5	5	1	3	3	2	2	2	2	1	5	2	1	2	2	2	2	1	5	2	2	3	4	1	1	2	2	3	2	2	5	5	2	3	4	2	2	1	4	2	2	4	5	2	2	4	2	1	4	1	2	4
2011	8	1	A        	4	1	4	1	1	4	1	3	1	5	2	3	2	4	1	3	2	3	4	3	3	2	5	4	2	2	2	3	2	2	3	4	4	3	4	2	5	3	4	5	3	4	2	4	2	5	4	2	2	4	2	2	4	2	2	2	5	2	3	2	2	4	4	4	1	3	4	2	3	4	4	3	2	4	2	5	2	2	2	4	3	2	4	4	2	4	2	2	5	5	3	5	2	5	1	5	2	2	4	5
2011	8	2	A        	2	2	3	5	2	1	2	4	3	5	2	1	2	4	2	2	1	2	5	2	2	1	5	3	4	1	1	2	4	5	1	5	3	1	2	2	5	4	5	5	4	5	4	2	2	3	5	4	2	5	1	5	4	1	4	1	4	3	5	2	2	4	4	1	2	3	2	2	4	4	5	1	3	1	2	3	1	2	4	1	3	1	1	1	1	2	4	3	4	5	4	1	3	1	4	5	5	3	5	5
2011	8	2	A        	2	2	4	2	2	4	2	2	1	4	2	2	4	5	1	3	1	4	5	3	2	2	2	2	4	2	2	4	1	4	1	5	2	5	2	3	4	2	5	4	4	5	1	2	2	2	4	4	2	5	1	2	2	4	4	2	3	4	2	1	2	4	2	4	2	2	4	4	4	3	4	5	2	2	4	4	2	2	1	4	3	2	1	1	2	4	5	4	4	2	5	2	1	1	4	3	4	2	4	1
2011	8	2	A        	5	4	3	2	1	2	2	1	3	5	2	4	2	4	1	2	2	5	4	1	3	4	5	5	2	4	2	2	4	4	3	4	5	4	4	5	4	5	5	4	3	2	2	1	2	1	2	1	2	4	3	4	4	2	2	4	5	1	1	3	3	2	3	1	1	2	5	2	5	5	5	1	1	1	2	2	4	4	2	4	4	3	5	2	1	4	1	3	4	4	1	5	4	2	1	1	1	1	4	4
2011	8	2	A        	2	2	1	2	2	4	3	1	2	5	1	2	2	3	2	1	3	2	5	5	3	3	2	3	2	1	2	2	2	5	1	2	4	4	5	2	2	3	4	5	4	5	1	2	1	4	4	4	2	5	1	3	5	4	2	2	4	2	5	1	2	4	5	3	2	1	4	3	2	3	5	3	4	3	1	5	2	1	3	2	2	2	4	4	2	2	2	1	5	5	5	2	1	4	1	4	4	2	5	5
2011	9	2	A        	1	2	2	4	2	1	4	2	4	4	2	4	2	2	2	2	2	4	2	2	4	1	2	4	2	4	3	2	5	5	2	1	4	1	2	4	1	4	2	4	2	2	2	1	1	2	2	5	5	5	2	4	2	2	2	4	5	2	4	2	3	4	4	2	2	1	2	2	4	4	4	4	2	2	2	2	2	2	4	5	4	2	5	1	4	2	5	2	2	3	2	2	3	4	2	4	5	3	2	4
2011	9	2	A        	4	2	2	3	2	3	2	2	2	4	2	2	4	2	2	2	3	4	1	2	3	4	5	4	2	1	2	2	4	5	3	2	3	2	4	4	5	5	4	5	3	4	4	4	2	4	4	5	2	5	4	4	3	2	2	5	3	2	4	1	2	2	4	3	2	2	3	3	2	4	4	2	2	2	2	2	3	2	2	2	4	2	2	2	2	4	4	1	2	5	4	4	3	2	1	2	4	4	4	5
2011	9	2	A        	2	1	1	5	2	1	1	1	2	4	1	1	4	1	2	1	1	2	4	1	4	1	2	5	2	1	1	1	5	3	1	5	2	1	3	2	5	1	4	1	1	5	5	2	1	1	5	4	5	5	1	5	2	1	4	1	4	2	5	2	1	5	2	1	2	1	5	1	2	2	4	4	2	1	1	2	1	3	2	1	1	1	4	2	2	2	2	1	2	4	1	1	5	4	5	2	5	1	1	3
2011	9	2	A        	1	1	1	4	3	4	2	1	4	2	2	4	2	2	3	2	2	4	2	4	4	4	4	5	3	4	2	4	5	2	2	1	2	3	2	2	1	4	2	4	4	4	4	2	2	2	2	4	4	4	3	2	4	1	3	2	2	2	4	1	2	2	4	2	4	2	5	4	3	2	5	1	2	2	5	4	2	2	4	1	2	4	5	2	2	2	4	3	2	5	4	2	1	1	4	4	1	1	2	2
2011	9	1	A        	4	2	2	4	2	3	2	1	2	5	1	4	2	2	1	2	4	4	4	3	4	3	4	4	2	2	2	2	4	4	2	2	4	2	4	4	2	3	2	4	2	2	4	2	1	1	2	2	4	4	2	3	2	2	2	3	4	2	4	2	2	2	4	2	2	1	4	2	2	4	4	2	2	2	2	3	2	3	3	4	2	2	4	2	4	4	2	2	2	4	4	4	4	4	4	2	2	2	4	4
2011	9	2	A        	2	2	1	4	2	4	4	1	2	5	2	4	4	4	2	1	1	5	4	2	5	4	5	4	1	2	2	1	3	4	1	5	4	2	4	4	4	5	5	1	1	5	2	2	1	4	4	2	2	5	1	1	5	4	2	4	1	1	2	2	2	2	3	4	2	2	5	2	4	3	4	1	1	1	2	2	2	2	4	5	2	1	4	2	2	4	2	2	2	5	5	2	4	4	1	4	2	1	4	5
2011	9	1	A        	2	4	4	2	3	2	2	2	2	3	2	4	3	4	2	3	2	2	4	2	2	4	2	5	5	2	2	5	5	5	2	5	2	5	5	3	2	4	5	5	2	4	1	4	2	2	2	4	2	5	3	1	4	1	3	5	2	2	2	3	2	2	3	1	2	2	5	3	5	1	2	4	3	2	1	4	4	4	4	5	4	4	2	2	2	4	2	4	2	3	2	4	2	1	2	4	2	3	4	3
2011	9	2	A        	2	1	3	2	1	3	1	2	3	4	1	4	2	5	1	1	1	5	4	2	2	4	1	4	2	1	1	1	2	3	1	4	2	2	3	4	2	4	5	4	2	4	2	1	2	2	4	4	2	5	2	4	4	4	3	2	2	4	2	2	2	4	2	5	1	2	2	3	2	4	5	2	3	1	2	2	2	3	1	4	2	2	2	1	1	2	4	3	4	3	4	2	2	1	1	3	4	2	3	4
2011	9	2	A        	2	4	4	2	2	5	4	5	4	4	1	4	3	4	2	1	4	2	4	1	2	4	1	2	2	1	2	2	1	5	2	1	3	4	2	2	2	2	4	2	5	4	1	4	1	4	1	5	2	5	2	4	2	5	2	2	4	5	4	3	1	4	1	4	3	2	2	5	4	5	5	2	3	5	4	4	2	1	2	4	2	2	2	1	1	1	1	1	4	2	5	4	2	1	2	5	2	1	4	2
2011	9	2	A        	3	4	4	4	2	2	3	4	3	4	1	4	3	2	3	2	2	2	4	2	2	4	2	4	4	2	2	2	4	5	2	4	2	3	4	2	4	2	4	3	4	4	2	2	2	3	4	4	4	5	3	2	5	2	2	4	4	3	4	1	1	4	3	4	2	2	4	4	4	2	4	4	2	2	1	2	2	4	2	2	4	2	2	1	1	2	5	2	2	4	4	2	2	3	2	4	3	2	3	2
2011	9	2	A        	4	5	1	4	2	4	5	1	2	2	1	4	3	1	2	1	3	5	5	1	3	5	5	3	5	1	1	1	1	3	2	1	5	5	2	4	1	5	5	2	2	1	2	5	1	4	1	1	1	3	2	1	2	1	3	4	4	1	3	2	1	1	5	2	4	1	5	2	5	1	4	1	1	4	4	4	5	1	1	1	2	2	5	2	2	1	5	1	1	1	5	5	2	4	5	4	1	5	2	1
2011	9	2	A        	4	2	4	1	1	4	2	4	1	4	2	1	2	5	1	2	2	2	5	2	1	2	4	2	3	1	2	2	1	5	2	4	4	5	4	2	4	2	5	5	4	5	1	4	1	4	4	2	1	4	2	2	5	2	2	2	4	4	2	2	2	4	4	5	1	2	4	3	5	4	4	5	4	2	2	5	2	1	1	5	2	1	4	5	1	5	2	2	5	4	5	4	1	5	2	5	4	2	5	4
2011	9	1	A        	4	4	4	4	2	4	2	2	3	5	4	4	3	2	2	4	4	4	4	1	4	3	4	5	2	3	2	4	5	5	2	2	2	2	5	4	2	4	3	5	2	4	4	2	2	2	2	4	4	4	3	2	2	2	2	2	2	2	2	2	2	2	2	2	2	4	5	3	2	4	3	3	2	2	1	2	2	4	4	4	3	2	2	2	3	4	2	4	3	4	2	4	2	2	2	2	2	2	2	4
2011	9	2	A        	2	2	3	4	1	1	4	3	2	5	1	4	5	4	1	2	4	4	4	1	4	4	4	5	1	2	2	4	5	5	1	2	4	1	1	2	2	4	2	1	1	1	1	1	1	1	2	3	4	5	1	4	4	2	1	1	1	3	4	1	2	2	4	1	4	2	4	4	5	4	2	1	2	1	1	1	4	2	4	1	2	2	2	4	1	1	1	2	2	4	2	2	1	5	1	1	1	2	2	4
2011	9	1	A        	2	4	1	1	1	2	4	1	3	5	1	2	1	4	1	1	2	4	5	1	1	3	4	2	2	1	2	1	1	5	1	1	4	4	5	2	4	4	5	5	2	2	5	5	1	1	2	1	4	5	1	1	5	1	1	2	5	1	3	1	1	2	5	2	1	2	4	1	2	5	4	1	1	1	1	2	4	1	2	5	1	2	5	5	1	3	1	1	5	5	5	5	2	5	1	1	1	4	1	5
2011	9	2	A        	4	4	3	4	1	5	2	2	4	4	1	4	1	2	1	1	4	4	4	2	1	5	5	4	2	2	3	1	2	5	1	5	2	4	4	3	2	4	5	5	5	2	2	2	1	3	4	4	4	5	1	2	5	2	1	4	2	2	4	2	1	5	5	2	1	1	4	3	2	5	5	2	1	4	1	4	1	2	2	3	2	2	2	2	2	4	2	2	2	5	5	4	4	4	1	2	2	4	4	4
2011	9	2	A        	4	2	2	2	1	5	2	4	1	5	1	2	2	5	2	2	2	1	5	3	1	3	2	2	2	3	2	2	2	4	1	5	1	3	3	3	4	1	5	5	3	4	1	4	1	1	4	2	1	5	2	2	5	2	2	1	5	3	2	1	1	5	4	4	1	1	4	2	5	4	4	2	4	2	1	5	1	1	1	4	2	2	4	4	1	3	5	2	5	5	4	4	3	3	1	4	1	3	5	4
2011	9	1	A        	1	4	4	2	1	5	4	1	2	4	2	4	4	5	1	2	4	5	5	4	1	2	1	1	2	1	2	2	1	5	2	2	2	5	4	3	4	1	5	5	5	2	1	5	4	1	2	2	1	1	2	2	5	5	1	2	4	1	2	4	2	4	1	4	1	2	2	1	5	5	5	1	1	2	4	5	4	2	1	1	4	4	1	4	4	5	2	2	4	4	3	4	4	5	1	5	2	1	5	1
2011	9	2	A        	1	3	2	4	3	5	1	1	3	5	1	2	2	1	2	2	2	4	4	2	1	4	4	3	2	2	1	4	5	4	2	5	1	2	2	3	5	4	5	5	4	5	5	1	2	3	4	2	5	5	2	2	5	1	3	1	3	4	4	2	3	4	5	2	2	1	4	2	3	4	5	1	2	2	4	4	1	3	2	1	2	2	5	1	1	2	4	2	4	5	3	3	2	1	1	4	2	2	4	5
2011	9	2	A        	1	2	3	3	2	4	2	2	1	4	1	4	3	5	1	3	2	4	5	1	4	4	2	4	2	2	1	3	3	5	1	2	4	4	4	2	2	2	5	5	4	4	3	4	2	3	4	4	2	5	1	5	3	2	2	1	2	2	4	3	2	4	3	2	1	1	2	2	4	5	4	2	1	2	2	2	1	2	2	3	2	2	4	2	1	1	1	3	4	4	5	3	4	3	1	2	2	1	3	4
2011	9	1	A        	4	4	4	2	2	4	2	4	2	4	1	4	3	2	4	2	4	3	4	3	2	4	4	4	2	2	4	2	2	4	2	1	3	4	3	2	1	2	4	4	4	2	3	2	2	3	4	4	2	4	2	3	2	4	2	4	3	2	4	2	1	1	3	4	4	2	4	3	4	3	4	2	2	3	2	4	2	3	2	1	3	2	2	2	2	3	2	3	4	4	4	4	5	3	1	4	3	3	4	2
2011	9	2	A        	2	4	3	5	1	4	3	2	4	4	1	5	2	2	2	2	4	5	3	3	5	5	5	4	2	1	2	1	3	5	1	2	4	3	4	2	2	4	2	4	5	2	2	4	2	4	2	4	4	5	1	2	3	2	1	2	1	2	5	2	1	4	4	4	2	1	5	3	5	2	5	2	1	4	1	4	1	2	4	2	1	2	4	1	3	2	2	5	5	5	5	3	2	4	3	5	3	4	4	4
2011	9	2	A        	2	4	2	5	1	2	2	1	5	5	1	5	2	2	1	2	4	4	2	2	4	5	5	5	1	4	1	2	5	5	1	2	4	1	5	2	1	4	4	5	4	4	2	1	1	2	5	5	5	5	1	4	2	2	2	5	2	1	5	1	1	4	4	2	1	1	5	2	4	4	4	1	1	1	2	2	1	4	2	5	1	2	4	1	4	1	2	2	2	5	4	1	4	1	1	2	1	1	2	4
2011	9	2	A        	2	3	1	4	1	2	1	1	1	1	2	4	2	1	2	3	3	4	1	1	5	1	5	5	1	2	1	2	3	4	2	2	2	1	3	3	1	5	1	5	1	4	2	1	1	4	4	2	4	5	1	3	4	1	2	1	1	1	5	2	2	2	3	2	3	1	2	1	1	4	4	2	1	1	2	1	1	4	3	1	3	2	4	1	1	2	1	3	1	4	3	1	5	4	1	4	1	1	3	1
2011	9	2	A        	1	1	2	1	3	4	3	1	2	4	2	1	2	1	2	2	1	2	4	1	5	1	1	1	1	1	2	2	1	4	2	2	2	1	1	5	2	1	4	1	2	3	1	2	2	1	2	1	1	5	1	1	5	3	3	3	3	2	1	1	1	1	1	2	1	1	1	1	3	3	3	1	1	1	1	1	1	1	1	1	1	1	1	1	1	1	1	1	1	5	2	2	3	1	1	1	3	1	3	5
2011	9	2	A        	4	2	3	2	1	2	4	2	1	2	2	4	2	5	2	2	2	3	5	4	4	4	5	2	4	4	1	4	1	5	2	2	2	4	4	4	1	3	5	4	2	2	2	3	2	4	2	1	2	4	2	2	4	2	1	4	3	4	4	3	2	4	4	5	2	1	5	2	5	4	4	4	2	2	4	4	2	2	2	3	2	2	2	4	2	2	3	4	2	5	2	4	4	2	1	2	2	1	1	4
2011	9	2	A        	4	2	5	1	1	5	4	4	1	5	2	2	4	5	2	2	2	4	5	5	4	4	4	5	2	2	3	2	4	4	1	5	2	5	2	2	5	4	4	5	4	5	1	4	2	2	5	5	2	5	1	5	5	5	2	2	5	2	4	2	2	5	5	5	1	2	2	5	5	4	5	5	5	2	2	5	1	2	4	4	2	1	5	4	1	4	5	5	5	5	5	4	1	4	1	5	5	4	5	4
2011	10	2	A        	3	2	4	2	3	4	3	4	2	3	1	3	2	3	1	2	2	2	4	3	2	2	2	4	4	2	3	2	3	2	2	4	1	5	2	3	3	1	5	2	2	4	2	2	3	2	3	3	4	2	2	2	5	3	3	1	1	5	4	3	2	4	4	3	4	1	2	5	4	3	4	5	3	2	3	4	2	3	4	2	2	3	2	2	3	4	4	3	4	2	4	3	4	1	4	4	4	3	3	2
2011	10	1	A        	2	4	4	4	2	4	2	2	1	4	2	3	3	5	2	1	2	3	5	4	3	4	3	4	2	2	1	3	3	5	2	4	2	5	5	2	2	3	4	5	4	4	2	4	1	2	4	2	2	5	2	4	3	4	3	5	5	2	3	2	2	5	4	5	1	1	4	3	5	4	4	3	2	4	2	4	3	2	3	5	1	3	5	5	2	4	1	1	4	5	4	4	3	2	2	3	3	2	4	3
2011	10	2	A        	1	4	3	2	3	5	2	3	2	3	2	3	3	4	3	2	3	2	5	4	3	2	2	3	3	2	2	3	3	2	2	2	3	4	2	2	2	3	4	2	4	4	2	3	2	4	2	3	5	4	2	2	2	3	3	2	4	2	4	3	2	2	3	4	3	2	4	3	4	2	5	1	2	3	3	3	2	2	3	2	2	2	4	2	1	2	2	2	2	2	4	2	3	1	4	4	2	3	4	4
2011	10	2	A        	2	3	3	2	3	5	2	4	2	3	1	5	4	3	2	2	4	2	4	2	3	4	4	4	3	3	2	2	4	5	2	3	2	4	5	2	1	2	2	5	3	2	1	1	1	4	3	3	4	5	2	3	2	2	2	2	4	3	5	2	2	4	2	4	1	1	4	4	3	4	4	2	2	3	1	3	2	3	4	5	2	4	3	2	2	2	5	3	2	4	5	2	1	1	1	2	2	3	4	4
2011	10	2	A        	4	4	3	5	2	3	2	4	3	2	2	2	3	4	2	2	1	5	4	2	2	4	4	5	4	2	1	4	5	1	2	5	1	1	1	3	2	5	4	5	4	4	4	1	1	5	2	5	5	1	4	5	4	2	2	1	4	1	5	2	3	2	2	1	1	3	5	4	4	2	5	1	2	1	1	5	1	4	3	1	1	1	3	1	3	1	2	5	2	1	4	3	1	1	1	5	1	1	5	1
2011	10	2	A        	2	1	4	2	2	4	2	2	3	3	1	2	4	4	2	2	2	4	4	2	3	2	2	4	4	4	1	3	4	4	2	4	2	2	2	3	2	3	4	4	4	4	3	2	2	4	2	4	3	4	2	2	4	5	2	3	4	4	4	2	2	5	2	3	2	2	2	2	5	4	5	4	4	2	3	4	2	3	4	2	2	2	4	2	4	2	4	2	4	5	4	4	4	1	1	3	2	2	4	3
2011	10	1	A        	4	2	1	2	1	4	2	2	1	5	2	4	2	5	1	1	2	4	5	3	2	4	5	1	1	1	2	1	1	4	2	2	4	5	3	2	1	4	5	5	4	4	4	4	1	2	4	4	1	5	2	2	4	4	1	1	5	2	2	2	1	4	4	5	1	1	2	1	4	4	5	2	2	4	1	5	2	1	2	4	2	1	4	4	1	2	4	1	4	4	4	4	3	5	2	5	1	2	4	5
2011	10	2	A        	1	2	2	2	2	5	3	3	3	4	1	1	3	4	1	1	3	2	4	2	1	5	1	2	3	1	2	2	1	3	1	3	2	1	2	1	1	3	4	5	3	4	1	1	1	1	2	3	4	2	1	1	3	4	2	2	3	1	3	2	2	1	2	5	1	2	4	2	4	3	5	4	1	3	2	5	2	1	2	2	1	2	2	2	4	4	3	3	2	5	4	3	3	2	1	4	2	2	3	2
2011	10	2	A        	2	3	2	2	2	1	3	2	2	4	2	1	2	2	3	1	3	5	2	1	3	5	5	5	3	2	2	1	5	3	2	2	4	1	4	2	2	4	2	4	4	4	5	1	2	4	2	5	4	5	2	2	2	1	2	3	2	1	5	1	2	2	5	2	2	2	3	3	2	2	4	2	1	1	3	2	2	3	5	2	2	4	5	3	3	2	4	2	2	4	5	4	2	4	2	4	2	4	3	3
2011	10	1	A        	4	3	2	2	1	4	2	2	1	4	2	3	2	4	1	3	2	3	5	3	2	3	4	3	2	2	1	2	3	5	1	5	3	5	5	3	2	2	5	5	2	4	1	4	1	1	4	3	2	5	1	2	3	3	2	2	4	2	2	2	2	4	3	2	1	2	4	3	4	4	4	1	2	2	2	3	2	2	2	5	2	1	3	4	2	5	5	2	4	5	4	5	3	5	2	3	4	3	4	2
2011	10	2	A        	2	4	1	4	1	5	2	1	1	5	2	1	2	5	1	1	1	5	4	1	2	1	5	4	1	2	2	1	4	5	2	5	5	2	5	4	5	4	5	2	4	5	4	2	2	2	2	1	1	4	2	2	5	2	1	1	4	4	4	1	2	5	5	1	1	2	3	1	5	5	4	2	4	1	1	2	1	2	1	1	1	1	5	2	1	2	5	1	4	4	4	4	5	1	5	2	2	2	4	5
2011	10	2	A        	1	4	2	2	1	4	4	2	3	4	1	3	2	3	2	2	4	4	5	4	2	5	4	2	2	2	2	2	2	3	2	1	4	3	3	2	1	3	3	5	5	1	2	3	1	4	2	3	1	5	1	3	2	4	1	1	5	2	5	2	1	2	4	4	2	1	5	2	3	4	5	2	2	4	2	4	2	2	2	5	2	1	4	1	2	2	1	2	2	5	5	4	1	4	1	5	1	4	2	3
2011	10	2	A        	2	4	2	3	2	4	2	1	1	4	1	2	3	4	1	2	2	4	5	2	3	2	5	3	1	2	2	2	4	4	1	4	4	4	3	2	2	3	4	5	5	4	2	2	1	3	3	4	3	5	1	2	4	4	2	2	4	4	4	2	2	4	4	4	2	2	5	1	4	3	4	1	3	4	2	4	1	2	3	3	2	1	4	2	1	1	4	1	2	5	4	1	2	1	1	3	1	2	3	4
2011	10	2	A        	2	4	1	4	2	1	5	1	4	5	1	5	1	4	1	4	2	5	4	2	5	5	5	5	1	4	2	3	5	4	2	2	5	1	4	3	2	5	2	5	2	4	3	1	1	3	2	2	3	5	2	3	4	1	2	3	2	1	5	2	3	2	5	1	1	1	5	2	3	5	3	2	1	1	1	1	4	3	3	2	3	3	5	2	1	1	2	1	5	5	4	4	5	2	1	1	1	4	1	1
2011	10	2	A        	2	4	3	5	2	2	4	2	3	5	1	4	2	2	1	1	3	4	1	1	1	1	2	2	1	1	2	1	5	3	4	1	1	1	1	3	1	5	5	5	3	1	1	1	1	1	1	3	4	5	1	1	1	1	1	1	1	1	1	1	2	2	2	2	3	3	4	2	1	2	2	4	4	5	1	1	1	1	1	1	2	4	1	3	1	1	5	2	1	2	1	2	3	1	1	1	3	2	2	2
2011	10	2	A        	4	2	2	2	2	1	3	5	4	4	2	3	2	3	2	2	3	4	4	2	2	3	5	5	2	2	2	3	5	5	2	4	5	1	4	3	5	5	4	4	2	5	5	3	1	2	3	1	2	5	1	3	4	1	3	2	2	2	3	2	3	2	5	1	2	2	2	3	2	3	3	2	1	1	2	4	3	2	4	4	3	1	5	2	3	4	5	1	3	5	3	4	2	5	1	3	3	2	2	4
2011	10	2	A        	4	4	5	4	2	4	1	1	4	4	2	4	2	1	4	2	2	5	3	1	2	4	3	5	2	5	1	2	5	4	4	4	2	2	4	4	2	4	1	3	2	4	1	2	1	1	1	5	2	5	2	1	5	2	2	4	1	5	5	2	3	2	2	1	4	2	5	4	4	2	5	1	1	1	1	3	4	4	4	1	2	2	1	1	2	2	2	2	2	4	4	4	2	2	1	2	1	2	2	5
2011	10	2	A        	2	2	4	2	2	4	2	4	4	4	2	4	3	2	2	2	2	3	3	1	4	3	2	4	3	2	2	2	4	3	2	3	2	4	2	2	2	3	4	4	4	4	2	2	1	2	4	5	3	4	2	1	4	4	2	2	3	2	5	2	2	3	4	2	2	2	2	3	4	4	4	2	2	1	4	3	2	3	4	4	1	2	2	2	3	2	4	3	3	4	4	2	2	2	3	2	3	2	4	2
2011	10	2	A        	2	3	1	2	1	3	2	3	2	4	2	3	2	5	2	1	1	4	5	3	2	2	4	2	2	2	1	1	3	4	2	5	3	4	4	2	5	4	5	2	2	5	2	3	1	1	3	2	2	5	2	3	4	4	1	2	3	1	4	2	2	3	4	4	2	1	2	1	4	3	4	2	2	3	2	2	2	2	2	5	2	2	5	2	1	4	3	3	4	5	2	4	1	1	1	3	4	2	5	5
2011	10	1	A        	4	5	4	5	2	2	4	4	4	5	3	5	4	4	2	4	2	4	4	1	1	4	4	5	2	4	4	2	5	4	4	2	1	4	5	4	2	5	4	4	1	4	1	3	1	2	1	4	2	4	4	2	2	1	1	4	4	2	4	4	5	2	1	1	2	4	5	4	3	1	1	1	2	1	1	1	4	2	4	2	4	2	1	2	2	4	2	2	2	2	1	5	1	2	1	1	1	1	2	5
2011	10	2	A        	2	2	3	4	2	4	4	4	4	4	2	4	2	2	2	3	2	4	2	2	4	4	5	4	4	2	4	2	4	4	2	2	2	2	4	3	2	4	4	2	4	4	1	2	2	5	4	2	5	5	1	2	4	4	3	1	2	2	5	2	3	3	2	2	2	2	2	3	2	3	3	3	2	2	1	2	1	4	2	4	2	2	3	2	2	2	2	3	4	5	4	2	2	1	1	3	2	2	4	2
2011	11	2	A        	2	3	2	4	3	2	1	1	2	3	1	1	2	2	2	1	1	4	3	2	4	1	4	4	2	4	1	4	5	3	1	5	4	2	2	4	5	1	3	4	4	5	4	1	1	1	4	2	5	5	2	5	2	1	1	1	4	1	5	1	2	3	4	2	1	1	4	3	4	3	4	4	1	1	2	2	1	2	4	4	3	1	2	1	1	1	3	2	2	5	4	2	3	4	4	3	4	2	4	4
2011	11	2	A        	2	2	3	2	4	3	2	2	3	4	2	4	4	3	2	2	2	2	4	2	4	3	4	3	2	2	2	2	3	4	2	4	2	4	4	2	4	3	4	4	4	4	3	3	2	4	2	3	3	5	2	2	2	2	3	2	2	2	4	3	3	4	4	4	2	2	4	4	3	4	5	2	2	2	2	2	3	2	3	5	2	3	4	3	4	1	2	2	3	4	3	4	1	1	2	4	2	3	4	4
2011	11	2	A        	2	4	2	2	2	4	4	2	2	4	2	5	3	4	2	2	2	3	4	4	4	5	3	4	2	2	3	2	2	3	2	2	1	5	3	3	2	3	4	4	4	2	5	2	2	4	3	5	4	5	2	1	5	2	2	1	2	2	5	2	2	2	5	3	2	2	5	3	4	5	4	1	2	3	3	4	2	2	5	3	3	2	4	2	3	2	2	4	5	2	4	4	1	1	2	4	1	2	4	3
2011	11	2	A        	1	4	1	4	2	3	2	1	1	1	1	3	2	4	2	1	1	5	4	5	4	2	3	5	2	2	2	2	3	4	1	1	5	1	3	1	3	2	3	4	4	5	5	3	2	4	4	3	3	5	1	5	5	4	3	2	3	1	2	2	2	4	4	2	2	2	4	2	4	4	4	4	2	2	2	4	2	2	2	3	2	2	4	4	1	3	1	1	5	3	5	4	5	3	2	4	4	4	4	1
2011	11	1	A        	1	2	4	2	2	4	2	4	4	3	2	1	2	4	2	2	1	2	4	3	3	2	2	2	3	2	1	3	2	3	3	3	3	4	3	2	3	2	4	4	3	4	2	4	2	3	5	4	2	4	3	3	4	2	3	2	2	4	2	3	3	3	3	4	2	2	2	4	4	2	4	1	4	4	5	4	1	3	3	2	2	2	2	2	2	3	2	4	2	2	4	2	1	5	1	1	2	3	4	2
2011	11	1	A        	2	3	2	2	2	2	2	4	2	4	2	3	2	4	2	2	3	2	5	2	4	3	4	2	2	4	3	2	2	5	2	2	3	3	4	4	2	2	5	4	2	2	1	4	2	2	4	2	2	4	1	3	4	2	2	2	2	2	3	2	2	3	2	3	2	2	3	2	3	4	4	2	2	2	1	4	3	2	1	4	2	2	1	2	4	1	2	2	4	4	2	4	3	2	4	3	2	2	4	4
2011	11	2	A        	2	2	2	2	1	4	2	1	3	4	1	2	3	2	1	1	1	4	2	1	5	2	4	3	1	2	1	1	1	4	1	1	3	3	4	1	2	3	3	4	2	3	1	2	1	3	3	2	3	5	1	2	4	4	1	2	2	2	5	2	1	4	2	3	1	2	1	3	2	4	5	1	1	2	2	3	2	3	3	4	2	1	3	1	1	2	4	3	2	4	4	2	3	1	1	2	2	1	3	3
2011	11	1	A        	1	1	1	1	1	5	1	1	1	5	1	1	1	5	1	1	1	5	5	1	1	5	5	5	1	1	1	1	1	5	1	5	5	5	5	1	1	5	5	1	5	5	1	5	1	5	5	1	1	5	1	5	5	1	5	1	5	1	5	5	1	5	5	5	1	1	1	1	5	5	5	1	1	1	1	5	1	1	1	5	1	1	5	5	1	5	5	1	5	5	5	5	1	5	5	5	1	1	1	5
2011	11	2	A        	2	4	2	5	2	1	3	2	2	5	2	5	3	2	1	3	2	3	4	1	3	5	4	5	2	2	1	3	5	5	2	2	3	1	5	3	4	3	4	5	1	4	3	2	2	2	2	3	2	5	1	3	4	2	3	1	2	1	2	2	3	2	4	2	2	2	5	2	2	4	3	1	1	1	3	3	2	2	2	2	3	4	4	1	2	3	1	3	4	5	3	3	2	5	4	2	1	1	2	5
2011	11	2	A        	3	4	2	5	1	4	2	1	1	2	1	5	2	2	2	2	2	4	2	1	5	4	5	5	2	2	3	2	2	4	1	2	2	2	4	2	2	5	4	5	5	2	1	2	1	3	4	1	5	5	2	1	5	2	1	2	4	1	5	1	1	3	5	4	2	1	5	2	1	5	5	2	1	1	2	2	2	4	4	1	4	3	5	1	2	1	1	2	3	5	4	5	4	4	5	1	1	4	2	4
2011	11	2	A        	2	1	2	4	2	2	2	1	1	4	1	4	1	2	2	1	1	1	5	2	2	1	4	4	2	2	1	2	2	4	2	5	4	4	4	2	2	4	4	4	1	5	1	4	1	1	4	4	1	4	1	1	4	2	3	1	5	2	4	2	1	5	4	2	1	1	4	3	2	4	5	1	1	2	2	2	1	2	1	2	2	1	4	1	1	2	2	4	2	2	4	1	3	5	1	2	2	1	4	3
2011	11	2	A        	1	4	2	3	4	3	1	1	1	3	1	5	1	3	2	2	1	5	5	1	2	4	2	4	2	1	2	1	4	2	1	4	4	5	1	1	1	5	5	4	1	5	4	1	1	1	1	5	4	5	1	4	2	4	4	1	2	1	4	2	1	4	5	2	3	1	5	1	4	5	5	1	1	1	2	2	1	1	2	1	2	1	1	2	1	4	1	1	5	2	1	2	5	1	4	4	1	1	5	2
2011	11	2	A        	2	2	3	4	2	2	4	4	2	3	1	5	2	1	3	2	2	2	4	2	1	1	5	4	3	1	2	2	3	2	1	2	4	4	3	2	2	3	2	4	4	1	3	2	1	5	4	2	5	2	1	4	5	2	3	2	1	4	5	2	2	4	5	1	3	1	2	3	3	5	4	4	3	1	4	4	2	3	4	3	2	2	4	2	1	1	1	2	3	5	5	1	3	1	2	4	4	4	4	4
2011	11	2	A        	2	4	5	2	1	2	2	2	1	4	2	4	3	4	2	2	2	4	5	2	5	5	5	4	2	4	2	4	2	2	1	2	2	4	2	3	2	4	5	5	4	4	1	1	2	5	4	4	2	5	2	5	2	2	2	2	2	5	5	2	2	4	3	5	1	1	5	4	4	4	4	1	2	2	3	2	2	2	2	1	2	2	4	2	2	2	2	2	2	5	5	2	2	4	1	4	2	2	5	4
2011	11	2	A        	2	4	4	2	1	4	4	4	4	3	2	5	4	2	2	2	4	4	4	2	2	4	2	4	4	2	2	3	4	5	2	2	2	4	4	3	1	2	4	5	5	1	2	4	1	5	2	4	4	5	2	3	2	2	1	4	3	4	4	2	2	2	4	4	2	2	4	4	4	3	4	2	4	4	2	2	2	4	4	1	3	2	4	2	1	4	2	4	2	5	4	4	1	3	1	5	1	2	2	4
2011	11	2	A        	3	4	2	4	2	4	4	2	2	5	2	4	2	4	2	2	2	4	4	2	5	4	5	5	2	2	2	2	4	4	1	2	4	4	5	2	4	5	4	5	2	4	1	2	1	1	2	2	2	5	1	5	5	2	3	2	4	1	4	3	3	3	4	2	2	2	4	3	4	5	4	1	2	2	1	4	3	2	2	3	1	2	4	3	1	3	3	2	4	4	3	5	3	5	1	3	1	3	3	5
2011	11	2	A        	1	1	2	5	1	3	1	5	4	5	1	5	2	1	1	3	1	1	2	4	1	1	4	4	1	2	1	1	2	2	1	5	5	5	4	3	5	1	4	5	2	5	1	4	1	1	5	4	5	5	1	1	5	1	1	1	3	2	2	1	1	5	4	5	1	1	1	2	4	5	4	5	4	4	1	4	1	2	2	1	2	1	3	5	1	5	5	1	2	5	4	1	4	3	1	5	5	1	5	4
2012	12	2	A        	4	2	5	4	3	2	2	5	4	2	1	2	4	2	4	5	1	1	4	1	2	1	1	5	3	2	2	5	4	4	2	5	1	3	2	3	4	1	4	5	1	5	2	1	4	1	4	5	5	5	3	1	1	4	2	3	1	5	4	3	4	4	2	5	1	2	4	5	3	1	5	5	3	1	2	1	1	5	5	1	3	1	1	1	1	5	5	5	4	5	4	1	5	1	1	2	4	1	4	1
2012	12	2	A        	4	2	2	2	2	5	2	2	2	5	1	2	2	5	1	1	2	4	5	2	4	4	5	4	2	3	2	1	2	5	2	5	4	4	4	2	4	4	4	5	2	4	1	4	1	4	5	3	4	5	2	1	5	5	2	1	5	1	5	1	1	5	5	5	1	1	2	2	4	4	5	2	1	4	2	4	1	2	2	1	2	1	5	2	2	4	4	2	4	5	5	3	1	2	1	2	4	4	5	2
2012	12	1	A        	1	2	3	4	2	4	4	4	3	4	2	2	2	1	4	3	2	1	4	2	1	2	1	3	4	2	1	2	2	2	2	5	4	2	2	1	2	2	1	4	3	4	3	2	2	2	2	4	2	5	2	4	2	2	4	2	4	2	5	4	2	3	4	4	2	1	4	4	2	4	4	1	1	2	3	4	2	4	2	4	3	2	2	2	4	2	4	2	2	2	4	2	1	3	2	4	2	1	2	4
2012	12	2	A        	2	2	2	2	1	1	2	2	4	2	1	5	4	2	2	2	4	2	5	1	4	4	2	5	4	2	4	1	2	5	1	4	4	2	2	4	1	4	4	5	1	4	2	1	1	1	2	4	2	5	2	1	5	5	1	4	5	4	4	2	2	4	2	4	2	1	4	4	4	2	2	4	1	1	1	1	1	2	2	4	2	2	1	1	2	2	4	2	2	5	2	2	4	1	2	2	2	2	2	2
2012	12	2	A        	2	2	3	3	1	4	2	2	3	5	2	4	3	3	2	3	4	3	4	1	3	2	3	5	1	2	2	1	4	5	1	4	2	4	5	2	1	2	4	1	4	4	2	3	1	4	4	4	4	5	1	4	4	4	1	2	2	1	2	1	2	5	4	4	1	2	4	2	4	5	4	4	1	2	1	4	2	2	3	4	2	1	2	4	1	2	2	3	2	5	5	2	2	3	1	4	2	4	4	5
2012	12	2	A        	2	4	2	2	2	4	2	2	2	3	2	4	2	4	2	2	2	4	5	2	4	5	4	5	3	2	2	4	4	4	2	2	4	4	4	2	2	5	4	4	4	2	3	2	2	2	2	4	2	4	1	2	2	4	2	3	4	2	4	2	2	1	4	4	2	2	4	3	4	4	4	2	2	2	2	4	2	2	3	4	2	2	4	2	2	2	3	2	4	4	4	4	2	2	1	2	2	4	2	2
2012	12	2	A        	2	4	5	4	3	5	2	1	4	3	1	4	2	5	1	1	2	2	4	2	2	3	2	3	3	1	3	1	4	2	2	5	2	2	2	5	4	5	3	3	2	3	3	2	2	2	2	4	3	2	1	3	5	1	4	2	2	1	5	2	1	2	2	2	4	1	5	2	5	2	5	1	2	1	1	4	5	4	2	1	1	1	5	1	5	2	2	2	2	1	5	4	2	2	5	5	2	1	2	1
2012	12	2	A        	3	2	4	5	1	1	1	1	2	5	3	1	1	1	3	3	1	4	4	1	5	2	5	5	4	4	3	3	5	5	2	5	5	1	1	3	5	5	1	5	2	5	4	1	1	1	1	4	5	5	2	1	2	1	2	4	5	1	5	3	5	1	1	1	1	2	5	5	1	5	2	2	1	1	2	1	1	1	4	1	4	2	2	1	1	1	3	1	2	3	1	3	1	1	1	1	1	5	1	2
2012	12	2	A        	2	4	2	5	2	2	2	2	4	4	2	5	2	2	2	3	4	2	4	4	5	4	5	5	2	2	2	3	5	4	2	2	2	4	4	4	1	4	2	4	2	4	5	2	2	4	4	2	5	4	1	2	4	1	2	1	5	2	5	2	2	4	4	2	2	2	2	2	4	4	4	1	2	2	5	4	2	2	4	4	2	2	5	2	2	2	2	2	4	4	4	4	1	4	2	4	4	4	4	4
2012	12	2	A        	2	1	1	4	3	1	1	1	3	4	2	4	1	5	3	1	1	5	5	5	5	3	5	4	3	4	1	1	4	4	1	4	5	4	2	3	5	5	5	3	3	5	5	1	2	2	5	1	2	5	1	4	4	2	3	1	4	1	5	2	4	5	4	2	2	2	5	1	4	5	2	4	2	2	5	2	1	1	4	1	1	1	4	1	4	1	4	1	1	3	4	1	4	5	1	2	2	5	2	4
2012	12	2	A        	2	4	4	1	2	5	4	2	4	5	2	4	2	2	2	2	2	4	4	2	4	4	4	4	2	2	4	2	4	4	1	1	4	1	4	2	2	4	2	5	4	1	1	1	1	5	2	4	4	5	2	4	4	4	2	2	4	4	4	4	2	2	4	2	1	1	5	5	4	5	5	1	4	4	1	4	2	4	4	4	1	2	4	2	1	1	1	1	2	5	4	4	5	1	4	5	2	1	2	4
2012	12	1	A        	3	2	2	2	2	4	2	5	1	5	1	5	4	4	2	2	1	2	5	1	5	1	4	2	1	2	2	4	1	5	2	5	4	5	5	2	5	3	5	5	5	4	2	5	1	5	5	5	1	5	2	2	4	4	2	4	4	5	5	1	2	2	4	5	1	1	4	4	5	5	5	1	4	2	1	5	2	1	2	2	2	1	4	4	1	4	4	2	1	5	5	5	5	1	4	5	4	5	5	2
2012	12	1	A        	2	4	5	2	1	4	3	4	4	4	2	4	4	5	2	3	4	3	4	1	2	5	5	4	3	2	2	4	4	5	2	2	3	4	5	3	2	4	4	5	2	3	2	4	2	2	2	3	4	5	2	3	4	4	2	4	4	2	4	1	2	3	1	2	2	4	5	4	3	4	3	1	1	3	1	4	4	4	4	5	2	4	2	2	1	4	2	4	3	4	2	4	2	5	2	3	1	1	4	5
2012	12	2	A        	2	2	5	4	3	2	2	2	5	1	2	2	4	1	3	4	2	2	2	1	2	2	1	5	5	2	1	5	4	2	2	5	1	2	4	4	2	1	2	2	2	4	3	1	2	2	2	4	5	4	3	2	5	2	2	2	3	5	5	3	2	2	1	2	2	1	2	5	2	2	4	4	4	2	2	3	1	4	5	1	2	2	2	1	2	4	2	5	2	4	2	1	2	4	2	2	2	1	4	4
2012	12	2	A        	4	4	2	4	2	1	4	2	2	4	1	2	3	1	1	2	5	5	4	2	5	5	5	5	2	3	2	2	5	4	2	2	4	1	5	5	1	5	2	5	2	2	2	1	1	2	4	1	5	5	1	2	4	1	2	4	4	2	5	4	4	1	5	1	1	2	2	3	4	4	4	4	1	1	2	2	1	2	4	2	1	2	5	4	1	1	2	1	4	5	5	4	1	4	2	5	2	5	2	2
2012	12	2	A        	2	4	4	5	1	2	4	2	4	3	2	5	5	2	2	2	4	4	5	2	1	5	4	5	4	2	2	4	5	4	2	1	1	1	3	4	2	2	2	5	3	1	2	2	2	2	1	1	4	5	4	4	4	1	2	4	4	5	5	2	1	1	4	2	2	2	5	2	2	4	4	2	2	1	2	5	4	4	5	2	4	4	5	2	2	4	2	2	2	2	5	5	1	2	1	1	1	2	2	2
2012	12	2	A        	2	2	2	2	2	4	4	4	1	4	2	4	4	5	2	2	4	2	5	2	2	4	2	4	2	2	2	4	2	2	2	2	2	4	2	1	1	4	5	2	2	4	4	2	2	2	4	4	2	4	2	4	4	2	4	4	2	2	5	2	2	4	2	4	2	2	4	4	4	5	4	2	2	2	5	4	2	2	4	4	2	2	2	4	5	2	2	2	1	2	4	4	2	4	4	4	2	2	4	4
2012	12	2	A        	2	3	3	4	2	3	2	3	2	4	2	2	2	2	2	2	2	3	2	2	4	4	5	4	4	2	2	3	5	2	2	4	4	3	2	3	4	5	2	4	2	2	5	1	2	3	2	4	4	4	2	4	2	1	2	2	2	2	5	3	4	2	3	2	3	2	4	4	2	4	2	2	3	2	3	3	2	3	4	2	2	3	4	1	2	2	4	2	2	2	4	2	2	1	1	3	3	1	1	2
2012	12	2	A        	4	2	1	1	1	2	1	1	2	5	1	1	2	4	1	1	1	4	5	4	2	2	2	4	1	2	1	1	2	5	1	5	1	4	1	2	4	1	2	5	1	4	1	2	1	2	5	2	2	5	1	2	5	4	1	2	4	2	4	2	2	4	4	5	1	1	4	1	4	4	5	4	2	2	2	5	1	1	2	1	2	1	4	2	1	4	4	5	5	5	4	4	2	4	2	5	4	4	4	2
2012	13	2	A        	2	4	4	5	4	2	4	2	3	3	2	5	3	2	3	2	3	4	3	2	5	5	4	5	4	4	2	2	4	4	4	4	3	1	4	3	1	4	1	4	1	4	5	1	3	4	1	3	5	5	2	4	2	1	3	2	2	2	5	2	4	4	4	1	3	1	2	4	2	4	5	2	2	1	3	3	3	4	5	1	2	4	3	2	2	1	1	2	1	4	5	4	2	1	4	3	1	2	4	4
2012	13	2	A        	2	2	3	4	2	4	2	2	3	5	2	2	3	4	2	1	1	4	5	2	3	4	4	2	2	3	2	4	2	5	1	4	3	4	3	2	5	1	5	5	3	4	3	2	1	2	2	3	2	5	1	5	3	4	2	2	3	1	4	3	2	4	4	2	2	1	1	1	4	5	5	4	5	4	4	3	2	2	2	4	2	1	3	2	2	4	3	2	4	5	5	4	3	5	1	5	4	3	5	5
2012	13	2	A        	2	1	5	5	1	4	4	2	4	4	1	1	4	1	1	1	5	4	4	1	5	1	3	5	3	4	1	1	4	4	1	4	1	4	4	2	1	2	1	5	1	5	5	1	1	5	5	4	4	5	1	4	2	2	1	1	5	4	4	1	1	4	1	2	1	1	1	3	2	5	5	5	2	2	2	2	1	4	3	2	2	1	1	1	1	3	2	4	2	5	5	1	2	4	1	4	5	1	4	2
2012	13	2	A        	2	3	4	4	2	1	3	2	5	4	2	2	4	2	1	2	1	4	2	4	1	1	4	5	2	4	2	2	4	4	1	5	1	4	4	1	4	1	4	4	2	4	2	2	2	2	3	2	4	5	1	3	1	1	2	1	4	2	5	2	2	2	2	1	1	2	2	2	4	5	4	3	2	1	2	4	1	3	2	2	1	2	4	1	2	4	2	4	2	4	4	1	2	1	1	3	1	1	2	3
2012	13	2	A        	4	2	2	5	1	2	4	5	4	5	1	4	1	2	3	3	1	4	2	1	4	2	4	4	2	4	2	2	4	5	3	4	5	1	4	4	4	2	5	5	2	5	2	4	1	2	2	3	2	5	3	4	3	2	2	2	4	3	4	2	4	2	4	2	2	2	4	3	2	4	4	4	2	2	2	3	2	3	2	4	2	2	5	2	2	3	2	2	2	5	4	3	2	5	1	3	4	4	4	2
2012	13	2	A        	5	2	4	5	1	1	1	2	4	3	2	4	4	2	1	4	1	4	3	1	1	2	5	5	2	4	1	3	5	3	2	2	2	1	4	5	5	4	3	5	1	3	2	2	1	1	1	3	5	5	2	2	5	2	2	3	1	1	3	1	4	3	4	1	1	2	2	3	2	5	2	1	2	1	2	1	2	5	2	3	3	2	4	2	3	4	4	2	1	5	2	4	2	5	1	1	2	2	2	4
2012	13	2	A        	1	2	4	5	4	1	2	4	5	5	2	4	2	1	1	2	2	2	2	1	4	2	4	5	1	4	2	4	5	4	2	2	1	1	3	2	1	4	1	5	2	2	4	2	2	4	4	5	5	5	2	2	2	1	2	2	3	4	5	2	2	2	1	2	2	2	1	4	1	4	5	4	2	2	2	1	1	4	5	2	2	1	4	2	2	2	2	4	1	4	5	3	4	1	4	2	4	1	2	4
2012	13	2	A        	2	2	2	5	1	5	4	3	1	4	4	1	2	4	2	1	4	3	5	4	1	5	3	5	4	1	2	2	1	5	2	2	4	5	3	2	2	2	5	5	3	2	1	4	2	3	2	4	2	5	2	2	5	4	1	2	3	2	4	2	1	2	5	2	1	4	5	4	5	4	5	1	1	2	5	5	4	2	2	4	1	2	3	4	2	2	2	1	3	4	5	5	1	5	1	5	1	1	2	4
2012	13	2	A        	4	1	4	4	2	1	2	1	4	5	1	4	4	2	1	2	1	5	4	1	4	1	1	5	2	2	1	5	4	4	1	5	1	2	2	1	5	4	2	5	5	5	5	1	1	1	1	5	5	5	1	5	5	1	4	1	5	4	2	1	1	5	1	1	1	1	1	1	4	4	4	5	2	1	2	4	1	4	1	2	2	1	1	1	4	1	5	2	2	5	1	5	5	1	4	5	5	4	5	4
2012	13	2	A        	2	2	3	4	1	1	4	3	3	5	1	5	3	4	1	2	4	4	4	1	4	2	4	4	1	1	1	2	4	2	2	1	3	2	2	3	2	3	4	2	3	3	5	2	2	2	2	4	2	4	3	1	5	1	4	1	4	3	5	3	1	2	4	1	2	1	1	2	4	5	5	3	2	2	2	2	1	2	2	4	2	2	4	1	2	2	4	1	4	2	3	2	2	3	4	4	1	2	3	2
2012	13	2	A        	4	4	4	3	4	4	2	3	2	4	2	4	4	5	3	2	4	2	4	4	4	4	2	4	2	3	3	2	2	4	2	3	2	4	2	2	2	4	4	4	1	2	4	1	2	1	4	4	3	2	1	2	1	4	4	1	2	4	5	5	2	4	4	4	3	2	2	2	4	2	4	4	4	2	4	4	2	2	3	5	2	1	2	4	4	2	4	2	4	1	4	4	1	1	4	4	4	2	2	1
2012	13	2	A        	4	2	4	5	2	2	4	1	3	4	1	4	3	4	2	3	2	3	5	4	2	2	1	5	3	1	2	5	3	5	2	5	3	2	2	2	5	3	4	4	2	4	2	4	1	1	3	2	3	2	2	1	4	1	4	5	1	1	2	4	2	4	5	1	2	1	2	4	5	3	5	2	2	1	2	5	2	2	2	5	2	1	5	2	4	4	4	1	4	1	4	4	4	3	5	4	4	1	5	3
2012	13	2	A        	4	2	2	4	1	4	2	2	1	4	1	4	2	3	1	2	1	3	5	3	2	3	3	2	2	2	2	2	2	3	2	4	3	3	3	3	4	3	4	4	2	4	1	3	1	2	5	1	1	5	2	5	3	5	2	3	2	1	1	1	2	2	4	4	1	2	4	1	3	1	3	4	3	3	4	4	2	2	2	2	2	1	4	4	2	4	5	2	4	4	4	2	1	2	2	5	4	4	3	4
2012	13	2	A        	3	4	3	3	2	3	2	2	3	5	1	5	2	3	2	2	2	4	3	1	5	4	2	4	1	1	3	2	4	5	1	1	5	4	5	2	4	3	4	5	5	2	4	1	1	2	2	2	3	5	1	1	5	4	3	2	3	1	2	2	4	3	3	2	1	1	4	2	4	4	5	2	1	2	1	5	5	2	2	2	1	2	3	1	2	2	2	2	4	5	3	3	1	2	2	5	1	2	2	5
2012	13	2	A        	2	2	4	2	1	3	2	2	2	3	1	4	1	4	3	2	4	4	3	1	4	5	3	5	4	2	4	1	4	2	1	2	4	4	3	3	2	3	4	5	3	1	3	1	4	5	4	4	4	3	1	3	4	3	3	3	4	3	2	4	2	1	3	3	3	1	2	3	4	1	5	1	3	3	2	3	2	4	4	1	3	4	4	3	3	2	1	3	3	3	5	2	3	1	1	4	2	1	5	1
2012	13	1	A        	2	4	3	2	3	4	2	5	4	4	1	4	2	2	2	2	4	2	4	1	4	5	2	3	3	1	4	4	2	2	2	2	3	4	4	2	1	1	2	4	4	2	1	2	1	3	4	5	2	4	2	2	1	3	3	1	2	2	4	2	2	2	2	4	3	1	2	3	3	4	4	2	2	3	1	3	2	3	3	4	3	3	2	1	2	3	1	4	1	4	4	2	1	2	4	2	2	3	2	4
2012	13	2	A        	1	2	2	4	2	2	2	1	4	4	1	5	1	1	1	2	2	4	4	1	1	4	5	5	2	2	1	1	5	2	1	2	2	2	2	4	1	4	2	4	2	4	1	1	2	2	2	4	5	5	1	1	4	2	2	2	2	4	5	2	4	2	2	1	2	1	2	4	2	1	4	1	1	1	2	4	2	4	4	2	2	2	4	1	1	1	2	2	1	4	2	2	1	2	2	1	2	2	2	2
2012	13	2	A        	4	2	2	3	2	4	2	2	3	4	2	3	4	2	2	3	1	2	3	2	2	4	1	5	3	2	2	2	4	5	3	4	2	3	3	3	4	2	4	2	3	4	1	2	1	2	3	4	2	5	2	4	3	2	2	4	2	4	3	1	2	2	2	2	2	1	5	3	4	4	4	1	2	2	2	4	2	4	2	5	4	2	5	2	1	5	1	4	1	3	3	3	5	4	2	3	2	2	4	4
2012	13	2	A        	3	4	4	2	3	4	2	3	4	4	2	2	1	4	3	3	1	3	4	1	3	4	2	4	3	1	2	3	1	4	1	3	2	3	3	2	3	3	4	3	4	2	2	3	2	2	4	3	2	5	1	1	2	4	3	1	2	2	4	3	2	2	2	5	2	2	4	3	3	4	5	1	2	2	2	4	2	3	2	3	2	2	2	2	1	3	2	4	2	3	4	4	2	4	1	4	3	1	5	3
2012	13	2	A        	4	4	1	5	2	1	4	1	2	5	1	2	1	3	2	1	2	5	4	1	3	4	5	5	1	3	2	4	5	3	1	1	4	1	2	4	1	5	5	5	2	1	4	1	2	5	2	2	2	5	1	3	4	1	3	1	2	2	2	4	1	4	5	1	2	1	1	1	3	2	5	2	2	1	1	2	4	2	2	1	1	2	5	1	2	1	1	2	3	4	4	1	4	5	2	4	2	5	4	2
2012	13	2	A        	4	2	3	5	1	4	2	2	4	4	2	4	3	2	2	2	2	3	3	2	3	2	4	4	2	3	2	2	4	4	1	3	4	2	4	2	1	4	4	2	5	3	3	1	2	4	4	3	3	5	2	3	5	2	2	3	3	3	5	3	2	4	4	2	2	2	2	3	4	4	4	3	3	2	2	3	1	3	4	4	2	2	4	2	3	2	2	2	2	4	4	2	1	2	4	4	4	2	3	5
2012	13	2	A        	1	2	3	3	2	4	4	4	2	4	1	2	2	4	2	1	2	4	5	2	3	4	4	3	3	2	2	2	3	4	1	3	2	4	3	2	4	4	4	4	5	4	1	4	2	3	5	2	3	5	2	3	4	4	3	2	3	1	4	2	2	3	3	4	2	1	2	3	4	4	5	3	1	1	3	4	2	1	2	4	3	1	1	4	2	2	4	3	5	4	4	4	5	2	1	5	5	3	4	1
2012	13	2	A        	2	2	3	2	2	4	2	3	3	4	2	4	3	4	2	2	2	4	4	2	4	2	4	4	3	2	2	2	3	3	2	4	3	4	3	2	4	3	4	4	4	4	4	1	2	4	4	3	2	4	2	4	3	4	2	2	3	2	4	2	2	4	4	4	2	2	3	3	4	3	4	3	2	3	2	4	2	2	3	1	2	2	2	2	2	2	2	3	4	4	4	4	2	1	4	4	4	3	4	4
2012	13	2	A        	2	2	2	4	2	2	4	3	2	4	2	4	2	4	3	3	4	3	4	3	4	4	4	4	3	2	3	3	4	4	3	2	4	4	2	4	2	2	4	5	1	2	2	3	2	3	2	3	4	4	2	2	4	2	3	3	3	2	2	2	4	2	4	2	3	2	4	2	4	3	4	3	4	2	3	3	3	2	1	3	2	3	4	2	2	3	3	2	3	4	3	4	2	2	4	4	2	2	4	3
2012	13	2	A        	2	3	3	2	2	1	2	3	2	4	1	5	3	2	1	3	2	4	3	2	4	4	4	5	3	4	1	2	3	4	2	4	4	1	4	2	5	4	4	5	4	4	1	1	2	4	4	5	3	5	1	4	2	2	2	2	5	1	5	2	2	4	4	3	2	1	5	4	3	4	4	2	1	1	5	2	1	2	4	2	2	3	4	1	2	1	4	2	2	4	5	2	2	1	4	2	2	4	4	4
2012	13	2	A        	5	2	4	5	3	1	2	2	2	4	5	2	4	4	3	4	2	4	1	5	5	4	5	5	5	5	1	4	5	1	5	1	4	1	1	5	2	5	4	5	5	1	5	1	3	2	1	2	5	5	4	5	1	1	3	1	1	5	2	3	4	1	4	1	2	4	2	5	2	2	1	1	4	1	3	2	4	2	5	5	5	2	4	1	4	4	1	2	2	2	2	5	1	1	2	2	2	1	2	3
2012	13	2	A        	2	4	4	5	1	4	4	4	5	5	2	2	2	1	2	3	2	4	4	1	5	5	5	5	2	3	2	2	5	5	1	2	4	2	5	3	1	4	4	5	4	2	5	1	2	1	1	4	4	5	2	2	4	2	2	2	4	4	5	2	2	2	2	1	2	1	5	4	4	5	5	1	1	1	2	2	2	3	2	4	2	2	5	1	2	4	1	2	2	5	4	4	1	1	1	2	1	1	1	2
2012	14	2	A        	2	4	4	4	2	4	2	4	4	4	2	5	2	1	4	1	4	2	2	1	2	4	4	5	4	2	1	1	5	2	2	1	2	2	2	2	1	2	1	5	4	1	4	1	1	2	2	5	4	5	2	2	4	2	2	2	4	2	5	2	2	4	4	2	4	2	4	4	1	2	4	1	2	2	1	4	1	4	5	2	2	2	4	1	1	2	2	4	2	5	4	2	1	2	2	4	1	1	2	4
2012	14	2	A        	2	2	2	3	1	4	2	2	4	4	1	1	2	2	2	1	1	4	2	2	4	4	4	4	4	2	1	1	4	2	1	4	4	2	2	1	4	2	2	5	3	2	2	1	1	4	5	4	4	5	1	2	5	2	2	1	2	4	5	2	1	4	4	4	2	1	2	4	2	5	5	2	2	2	5	5	1	3	4	5	1	2	5	1	1	1	4	1	2	4	5	2	2	2	1	5	4	3	2	2
2012	14	1	A        	5	2	2	2	1	2	2	2	2	5	1	1	1	5	2	2	1	4	4	2	2	2	4	5	1	2	2	2	4	5	1	5	4	4	5	2	5	4	4	5	4	5	4	2	1	4	4	2	4	5	1	5	5	2	1	1	5	1	4	1	2	4	4	4	1	1	2	2	4	5	4	4	1	2	1	4	2	2	2	2	1	2	4	2	1	2	4	2	4	5	5	4	4	2	1	4	4	5	4	5
2012	14	2	A        	2	2	3	4	3	5	4	4	2	4	2	5	4	2	4	2	4	2	2	4	4	4	4	4	2	4	2	4	2	2	2	1	1	4	2	1	1	4	4	4	4	1	2	1	2	5	2	4	2	4	2	2	4	2	2	2	2	2	5	3	2	4	2	2	2	2	5	3	4	4	4	2	2	4	4	4	2	2	1	1	1	3	4	1	3	2	1	5	2	2	5	2	2	1	2	4	4	1	4	3
2012	14	2	A        	2	2	2	2	2	4	4	2	1	3	1	5	1	4	1	1	2	4	3	1	5	4	4	4	3	1	1	1	4	4	1	2	1	4	3	2	4	3	4	4	4	2	1	1	2	4	2	4	1	4	1	3	4	1	3	2	4	1	5	1	1	1	5	4	1	2	2	2	5	4	5	2	1	1	3	2	1	1	2	4	2	3	2	1	4	1	2	4	2	4	5	4	1	1	4	4	1	2	2	4
2012	14	2	A        	1	2	3	2	4	5	2	5	1	3	3	5	2	2	4	2	1	1	5	2	5	4	3	4	4	1	1	1	4	1	2	4	1	4	1	2	2	3	4	4	4	5	2	2	2	5	5	4	5	5	2	4	2	4	4	3	5	1	5	2	2	2	4	4	4	2	5	5	5	5	5	1	4	5	3	5	2	1	2	4	3	4	4	3	2	1	4	3	4	4	5	2	3	1	4	5	4	5	3	2
2012	14	2	A        	1	2	2	5	1	1	5	2	4	4	2	4	2	2	3	3	1	5	2	1	5	2	5	4	1	4	2	4	4	5	2	4	3	1	5	3	4	4	2	5	2	4	3	1	2	1	2	3	4	5	2	2	4	1	2	1	2	1	5	3	4	2	5	1	4	1	4	1	2	2	2	1	1	1	2	1	2	4	2	1	2	2	5	2	3	1	5	4	2	5	3	2	1	1	1	1	2	1	1	1
2012	14	2	A        	2	3	5	2	2	4	1	5	2	4	1	4	4	2	2	2	2	2	5	2	4	2	2	2	4	2	2	5	2	3	2	2	2	4	3	2	4	2	4	4	4	4	2	4	2	4	4	4	2	4	2	1	2	4	3	2	4	2	5	2	2	2	4	4	4	2	4	5	4	1	4	2	2	2	2	1	1	2	2	1	2	2	2	4	4	2	1	4	4	4	4	2	1	3	5	2	2	2	4	4
2012	14	2	A        	2	4	1	4	3	2	2	1	5	3	1	2	1	1	4	2	1	5	4	1	4	3	5	5	3	4	1	1	2	1	1	4	2	3	4	2	4	5	3	3	4	2	2	1	2	3	3	5	4	5	2	2	5	5	3	2	5	1	5	2	3	2	4	2	2	1	5	3	2	4	4	1	2	2	1	2	1	3	3	1	1	1	4	2	2	1	1	2	1	2	5	2	4	1	5	2	1	1	3	4
2012	14	2	A        	2	2	3	4	4	3	2	2	2	3	2	2	2	2	2	2	2	4	4	1	4	4	5	5	3	3	2	3	4	3	2	4	4	2	3	2	2	2	2	5	3	4	4	2	1	2	3	3	4	4	2	2	3	2	3	1	2	2	4	3	3	3	4	3	3	2	2	2	3	2	4	1	2	2	2	3	2	3	4	2	1	3	4	1	2	2	3	3	2	3	4	2	1	3	1	4	4	3	3	2
2012	14	2	A        	2	2	2	4	2	4	4	2	4	4	2	4	3	4	2	2	4	5	4	2	4	4	4	4	2	2	2	2	4	4	2	3	4	4	4	4	2	4	4	5	4	2	2	2	1	3	2	2	2	5	2	1	2	2	2	2	4	2	5	2	3	4	5	4	1	1	4	2	2	4	3	2	2	4	1	4	2	2	4	4	2	2	5	3	1	2	1	2	2	5	5	2	5	4	1	4	3	4	4	5
2012	14	2	A        	1	4	3	2	2	5	4	3	2	4	1	2	1	4	2	2	4	3	4	1	2	4	4	4	1	2	4	1	4	5	1	1	4	2	4	1	1	4	4	5	3	1	1	1	1	4	4	5	4	5	1	4	4	2	2	1	2	1	5	2	1	2	5	4	2	1	4	3	2	5	5	1	1	2	1	3	2	2	2	3	1	2	4	2	1	1	2	2	4	5	5	2	3	5	1	5	5	4	4	4
2012	14	2	A        	1	2	2	2	2	3	2	1	2	4	2	4	4	4	2	2	3	4	5	3	2	5	4	4	2	2	2	2	4	4	1	2	3	2	4	3	4	2	4	5	2	2	4	4	2	4	4	2	4	5	1	3	5	1	2	2	3	4	4	2	2	4	5	2	2	2	4	2	4	5	4	2	2	2	2	2	2	2	4	2	2	2	5	2	2	4	4	2	4	5	4	4	5	2	2	4	2	1	4	4
2012	14	2	A        	1	2	4	4	2	4	2	4	1	2	2	2	4	3	2	2	1	2	4	1	4	4	4	5	4	2	4	2	5	4	1	4	2	2	3	3	5	4	2	5	4	4	4	1	2	4	2	4	5	4	1	1	4	1	2	2	5	5	5	2	2	4	3	1	2	1	2	5	2	3	5	1	2	1	1	4	1	2	2	1	3	4	5	1	2	1	1	2	1	1	3	2	1	1	1	4	1	2	1	2
2012	14	2	A        	4	2	2	2	3	4	4	2	1	5	2	2	3	5	1	2	1	5	5	4	3	2	4	3	1	1	4	2	2	5	2	5	4	5	5	3	5	4	5	1	3	5	4	5	1	4	4	4	1	5	2	5	5	4	3	4	4	2	1	1	3	5	5	4	1	2	4	2	5	2	4	4	1	2	3	5	2	2	2	4	1	1	5	5	3	5	4	2	5	5	3	4	2	5	4	3	4	4	5	4
2012	14	2	A        	4	2	4	3	2	3	2	2	3	4	2	5	2	5	2	3	2	4	4	2	4	3	4	4	2	1	1	2	3	4	2	4	4	5	2	2	4	3	3	4	4	5	3	4	1	4	4	2	3	5	2	2	3	2	2	3	2	2	4	2	2	4	4	3	2	2	5	2	4	4	5	4	2	2	2	4	2	2	3	5	3	2	4	4	2	2	2	4	2	4	5	3	4	4	1	5	3	4	4	3
2012	14	2	A        	2	4	2	5	1	4	1	2	2	4	1	5	2	2	3	2	3	4	2	3	4	5	5	5	2	2	1	2	4	4	2	3	4	3	4	2	1	4	3	5	5	2	1	2	4	4	4	4	4	5	2	4	2	4	3	1	5	1	5	2	3	5	5	2	2	1	5	2	5	5	4	1	3	5	4	2	1	4	4	2	1	2	5	2	2	5	2	2	2	5	5	1	1	1	2	5	4	3	4	4
2012	14	2	A        	4	3	4	2	3	5	2	3	4	5	2	4	1	5	1	2	2	4	5	1	4	3	3	2	2	3	2	1	2	5	3	5	4	4	4	4	3	2	5	4	2	4	2	4	2	4	3	2	2	4	2	4	2	5	3	4	4	3	4	2	2	4	3	4	2	1	3	2	4	4	4	4	4	4	2	2	2	1	3	4	2	2	4	2	2	2	4	2	3	5	5	2	5	3	2	5	4	3	4	5
2012	14	2	A        	3	2	4	2	2	4	2	1	4	4	1	2	2	1	1	2	1	4	4	1	4	1	1	4	1	1	1	3	2	1	1	3	1	1	1	2	5	1	4	5	3	5	4	4	2	1	2	4	4	4	1	4	2	2	4	2	1	2	4	4	1	1	2	3	2	2	3	3	2	4	3	3	2	2	2	3	1	3	2	4	2	2	2	1	1	2	4	4	2	3	2	3	2	4	4	4	3	2	4	2
2012	14	2	A        	3	4	2	4	1	4	2	2	2	4	1	5	2	2	1	2	2	4	4	2	2	2	5	2	2	3	2	2	3	4	1	1	4	4	2	2	2	4	4	4	4	1	2	4	1	2	2	2	2	2	2	3	4	5	2	1	2	2	3	3	1	2	4	4	1	1	2	3	4	4	3	1	1	4	3	1	4	2	2	4	2	3	4	3	3	3	2	4	1	3	3	5	4	5	1	1	1	4	4	2
2012	14	2	A        	3	5	3	3	2	2	2	2	2	4	2	5	3	4	2	3	2	3	4	4	3	5	3	4	3	2	2	4	4	4	2	2	2	3	2	3	2	2	5	2	2	4	3	3	3	2	4	4	3	4	2	3	5	2	3	4	4	2	4	2	2	4	3	2	2	2	5	2	4	3	4	2	5	1	2	5	1	2	2	4	3	2	5	4	2	3	4	4	5	4	4	3	3	2	2	4	2	3	4	3
2012	14	2	A        	2	1	1	2	2	4	2	2	2	2	2	3	3	4	3	1	1	5	4	4	4	4	5	2	4	2	2	1	2	2	1	5	3	4	3	4	5	3	4	2	5	5	4	2	3	3	3	3	3	4	1	3	3	4	3	2	2	2	4	2	1	4	5	4	3	1	2	2	4	2	5	4	1	4	4	3	2	2	3	3	2	2	4	2	4	2	2	3	2	3	5	2	1	5	2	4	3	3	3	5
2012	14	2	A        	2	1	2	4	1	2	2	1	1	4	1	4	2	2	2	2	1	5	5	2	5	2	5	5	2	4	1	2	5	5	2	5	5	5	5	4	5	3	4	5	1	5	2	2	1	3	5	2	2	5	2	1	5	4	1	2	3	1	4	1	2	4	5	1	2	1	5	1	5	5	3	5	1	1	1	1	1	1	4	3	2	1	1	4	4	1	5	5	5	5	3	4	4	4	2	2	2	2	3	5
2012	14	1	A        	2	4	4	3	2	2	4	4	3	4	2	3	4	2	3	2	2	3	2	2	2	4	1	4	3	1	2	3	3	4	2	4	1	1	3	3	2	1	4	5	3	3	1	3	1	1	1	4	4	4	3	2	1	1	2	2	2	3	4	1	3	2	2	2	2	2	5	4	3	2	2	2	2	2	2	4	3	4	4	1	3	2	2	1	2	1	1	4	2	5	2	3	1	5	2	3	1	2	1	3
2012	14	1	A        	2	1	2	1	1	3	2	2	2	4	2	2	2	4	2	2	2	3	4	2	3	2	4	1	2	2	2	2	1	3	1	5	4	4	3	2	5	3	4	4	3	5	3	4	2	2	4	2	2	3	2	3	4	4	2	2	3	2	3	3	2	4	4	4	2	2	1	2	4	2	4	4	2	4	3	4	1	2	2	4	2	1	4	3	2	2	3	2	2	3	4	3	3	2	3	4	4	3	4	3
2012	15	2	A        	4	4	2	3	2	5	2	2	1	5	1	5	2	5	1	4	3	4	5	4	4	3	4	3	3	1	2	2	3	5	4	4	2	4	4	3	3	2	5	1	2	4	5	3	1	1	4	4	5	5	1	5	5	4	3	4	5	4	4	2	1	4	5	4	2	2	3	2	5	5	5	1	4	1	2	5	3	2	1	5	1	1	5	4	1	3	3	1	5	5	4	2	5	5	3	5	2	3	4	5
2012	15	2	A        	2	2	4	2	2	2	2	2	1	5	1	2	4	5	2	2	2	2	5	5	2	4	2	4	2	2	2	2	1	5	2	5	2	5	4	4	4	2	4	5	5	4	5	2	2	4	5	4	4	5	2	2	4	2	2	1	4	4	4	1	1	4	4	5	2	1	2	4	5	4	5	2	2	2	2	4	2	1	2	2	2	2	4	2	2	2	2	2	4	5	5	2	1	1	4	4	4	4	5	5
2012	15	2	A        	4	4	2	5	1	5	1	1	1	4	2	3	4	5	4	2	2	4	4	2	5	2	5	5	2	2	1	1	4	5	1	2	2	3	1	3	4	4	2	5	2	2	2	4	1	5	2	4	2	5	1	1	5	3	3	1	3	1	5	2	3	4	3	4	2	2	4	3	4	5	5	1	1	1	3	5	2	2	2	1	3	2	5	1	1	1	2	2	5	4	5	5	3	1	1	5	1	4	4	1
2012	15	2	A        	4	5	1	4	2	5	4	3	1	3	1	5	3	5	3	1	5	5	5	3	5	5	5	2	2	1	2	1	1	3	1	1	5	1	2	2	2	5	5	5	5	1	2	1	1	2	1	1	3	1	1	1	5	1	3	1	3	2	2	2	2	2	5	3	2	2	2	2	3	2	5	1	2	2	4	5	3	1	2	1	1	2	3	1	5	1	1	1	1	2	4	4	3	1	4	5	1	1	1	1
2012	15	2	A        	2	1	4	1	1	2	1	4	4	4	1	2	2	5	1	1	1	2	5	1	2	4	4	4	4	1	2	2	2	3	1	5	4	5	2	2	5	4	5	5	5	5	1	1	1	5	2	1	4	5	1	2	5	4	2	1	4	2	4	1	1	5	4	4	1	1	4	1	4	5	5	4	2	4	3	2	1	2	1	2	1	1	5	4	1	1	5	1	4	5	5	2	1	5	2	5	4	2	4	1
2012	15	1	A        	4	2	2	2	2	4	4	4	4	4	2	4	2	4	2	2	2	4	4	2	2	4	4	3	2	2	3	2	3	4	2	2	3	4	4	4	1	4	4	4	2	2	2	4	2	4	4	2	2	5	2	4	3	2	3	4	4	2	3	3	2	4	3	2	2	2	4	4	3	4	4	2	2	2	1	4	4	2	2	2	3	2	4	2	2	4	2	2	4	4	2	4	1	4	2	2	2	4	4	4
2012	15	2	A        	2	3	4	5	4	2	2	2	4	3	1	3	2	2	4	4	3	2	2	2	2	3	4	1	4	2	2	2	5	1	2	4	2	2	2	4	4	3	2	2	4	4	5	1	2	2	2	4	5	5	3	2	3	2	4	2	2	2	5	4	3	2	2	2	5	1	4	5	3	2	3	2	2	2	5	2	3	5	5	4	3	5	2	2	2	2	4	2	2	4	2	3	3	1	2	2	2	3	3	4
2012	15	2	A        	1	2	3	2	2	4	2	3	3	4	1	1	2	4	2	1	1	2	4	2	1	3	4	3	2	2	3	2	4	3	2	5	3	4	4	1	4	3	5	3	3	5	1	3	1	5	4	3	3	5	2	1	4	3	3	1	1	2	4	2	3	3	4	4	2	2	3	3	4	4	5	4	3	2	3	4	2	2	2	5	2	3	4	1	2	3	4	1	1	4	5	3	2	1	2	4	3	4	5	3
2012	15	2	A        	4	2	2	4	2	3	2	1	2	5	1	4	2	5	2	2	3	5	5	3	3	4	5	4	1	3	2	2	3	5	2	1	4	4	3	4	1	3	4	5	2	2	3	2	1	1	3	2	3	4	1	2	4	1	2	2	2	2	5	2	2	4	5	4	3	2	4	1	4	3	4	4	2	2	4	4	3	3	4	3	2	2	5	2	2	3	1	3	3	5	3	4	2	5	3	4	2	4	4	3
2012	15	2	A        	4	4	2	4	4	1	2	4	2	5	2	5	1	5	3	3	2	2	5	1	2	4	5	5	1	5	2	1	4	5	1	1	5	1	5	4	1	3	4	5	1	5	1	1	1	1	2	2	1	5	1	2	5	1	4	1	5	2	5	4	2	1	2	1	2	2	5	4	4	5	5	1	5	1	1	2	1	1	3	5	2	2	1	1	1	4	4	1	2	5	2	4	1	5	1	1	2	4	4	5
2012	15	2	A        	1	5	2	5	2	1	1	1	1	5	1	5	4	2	1	1	2	5	5	1	5	5	5	5	1	4	1	2	5	5	1	4	1	4	5	4	1	4	5	1	1	4	4	1	1	1	1	4	2	5	1	5	4	1	2	1	1	1	5	1	2	4	2	1	1	1	5	2	5	5	5	1	1	1	1	1	2	2	2	2	1	2	1	1	2	1	2	2	1	5	5	4	1	2	1	2	2	1	4	4
2012	15	1	A        	2	2	1	2	1	5	1	1	3	5	2	5	2	3	2	1	2	5	3	1	4	2	5	4	1	2	1	1	2	4	2	1	5	3	3	2	1	3	3	5	2	1	4	2	1	4	2	2	2	5	1	1	5	4	2	2	5	1	2	1	1	1	4	2	2	2	1	1	4	2	3	2	2	2	2	2	2	2	2	2	1	2	5	3	2	2	1	1	2	5	3	4	1	5	2	4	2	2	5	3
2012	15	1	A        	4	4	4	4	2	2	3	3	4	3	2	2	2	1	3	3	2	2	2	1	2	5	5	5	2	4	1	2	4	4	3	1	1	1	4	2	4	4	1	4	2	1	4	1	1	1	2	4	4	2	2	4	2	2	2	3	1	1	4	3	2	2	1	1	2	2	2	4	1	5	2	1	1	1	1	2	2	3	4	1	4	2	1	1	4	3	5	4	1	2	2	4	1	4	1	2	2	1	1	2
2012	15	2	A        	2	4	3	4	2	4	3	3	2	2	2	4	2	2	3	2	4	4	2	1	4	4	5	5	2	1	2	1	5	4	2	1	3	4	4	3	2	4	3	3	4	4	5	2	2	4	4	2	3	5	2	4	4	2	3	2	5	1	5	3	3	2	4	2	2	2	4	4	3	4	4	1	3	1	1	2	2	2	2	3	2	3	3	4	2	1	1	2	1	2	3	4	1	2	4	5	2	4	3	2
2012	15	2	A        	3	4	4	4	4	4	4	4	4	4	2	4	2	2	2	3	2	4	2	2	3	4	2	4	4	2	2	2	4	4	3	2	4	2	2	3	2	3	4	4	2	2	4	2	2	3	4	4	4	5	3	4	4	2	3	2	3	2	4	2	2	3	4	4	2	2	2	4	2	3	4	2	3	2	4	3	2	4	4	2	2	2	4	2	2	3	2	2	4	4	2	2	3	2	4	2	2	3	2	4
2012	15	2	A        	2	4	3	4	2	4	4	2	4	3	1	2	2	4	2	2	2	4	4	2	4	3	4	4	4	1	1	1	4	4	1	2	4	4	4	4	4	4	4	4	5	4	4	4	1	5	4	2	3	4	1	5	4	3	2	1	4	2	2	3	4	4	5	4	1	1	2	3	4	5	5	2	1	4	2	3	2	2	3	2	2	2	4	4	3	4	5	2	4	4	5	4	2	1	2	4	5	4	4	4
2012	15	2	A        	4	1	3	4	2	2	3	1	4	5	1	1	1	2	2	2	2	5	3	1	4	2	5	5	2	1	1	1	4	3	1	4	5	1	3	4	4	5	4	5	2	4	2	1	1	2	2	1	3	4	1	3	4	1	2	1	3	4	4	1	1	2	5	1	1	1	2	2	2	5	4	3	2	1	1	4	1	3	4	1	3	1	5	1	2	3	4	1	1	4	4	2	4	3	1	5	5	2	2	3
2012	15	2	A        	2	3	4	2	2	5	2	4	1	2	2	1	3	5	2	3	1	4	5	2	2	4	2	3	4	1	1	2	2	3	1	5	1	5	2	1	5	3	3	4	2	5	5	1	2	5	5	4	5	5	1	3	3	5	2	2	4	4	5	2	2	4	4	5	2	2	1	4	5	5	5	5	4	2	3	5	1	1	2	3	3	2	4	5	1	2	5	4	3	4	5	1	1	2	1	5	4	1	5	3
2012	15	2	A        	2	2	1	3	2	4	2	1	2	4	1	4	2	2	2	2	1	4	4	2	4	2	4	4	1	2	1	3	4	4	1	5	2	2	4	3	4	3	2	5	4	4	3	3	2	2	2	2	4	5	1	2	5	2	3	2	2	2	4	2	2	2	4	2	2	2	4	1	3	4	4	2	2	2	3	5	2	2	3	2	2	1	4	2	2	2	3	3	4	5	4	4	2	1	2	4	2	4	3	4
2012	15	2	A        	2	4	2	1	2	5	4	1	4	1	1	5	2	3	4	2	1	4	5	1	5	5	2	5	5	1	4	2	3	2	1	1	2	2	5	2	1	1	5	4	3	2	5	1	2	4	2	5	4	5	1	4	5	5	2	2	2	2	5	2	2	1	1	4	4	1	2	3	4	3	5	1	2	3	4	4	2	2	1	1	1	3	5	2	2	4	1	2	2	1	5	5	1	1	4	5	2	1	2	1
2012	15	2	A        	4	4	2	4	1	2	4	2	2	4	2	4	2	5	2	4	4	4	2	2	4	4	5	4	4	4	2	2	5	1	4	1	2	4	1	4	4	4	4	4	1	4	4	1	2	2	2	4	4	5	1	2	4	2	1	2	3	2	4	3	4	3	4	4	2	2	2	2	4	2	4	4	2	2	2	2	4	2	4	1	4	2	4	2	4	2	1	4	2	2	4	4	1	2	1	2	2	2	4	4
2012	15	2	A        	2	4	2	4	4	4	4	1	4	2	2	4	2	5	4	2	2	4	4	4	5	4	5	5	4	2	4	4	4	4	1	2	2	4	4	2	5	4	2	2	5	4	4	2	4	3	4	4	4	5	2	4	2	2	3	2	5	2	5	4	2	4	5	4	2	2	4	4	4	2	5	1	4	2	4	2	3	2	3	2	2	3	5	1	2	1	4	2	2	4	4	4	2	4	2	4	2	3	2	1
